,Name,2022 Salary,Avg Career Salary Difference,Age,H,R,RBI,BB,SO,SB,OPS
0,CJ Abrams,700000.0,0.0,21.0,33.0,16.0,14.0,4.0,34.0,2.0,0.56
2,Ronald Acuna Jr.,15000000.0,2480000.0,24.0,93.0,54.0,32.0,43.0,91.0,25.0,0.779
3,Willy Adames,4600000.0,0.0,26.0,88.0,60.0,70.0,36.0,118.0,5.0,0.737
4,Jo Adell,700000.0,0.0,23.0,39.0,13.0,16.0,10.0,70.0,4.0,0.626
5,Jesus Aguilar,7300000.0,719357.1428571428,32.0,96.0,36.0,48.0,27.0,104.0,1.0,0.677
6,Hanser Alberto,1350000.0,154400.0,29.0,30.0,12.0,14.0,1.0,21.0,0.0,0.616
7,Ozzie Albies,5000000.0,740833.3333333334,25.0,59.0,34.0,33.0,15.0,46.0,3.0,0.694
8,Sergio Alcantara,700000.0,0.0,25.0,30.0,19.0,17.0,8.0,36.0,0.0,0.577
9,Jorge Alfaro,2725000.0,116333.33333333333,29.0,60.0,25.0,36.0,10.0,88.0,1.0,0.697
10,Nick Allen,700000.0,0.0,23.0,37.0,18.0,11.0,14.0,38.0,1.0,0.564
12,Pete Alonso,7400000.0,1250.0,27.0,123.0,70.0,102.0,50.0,102.0,3.0,0.861
13,Jose Altuve,29000000.0,2376416.6666666665,32.0,110.0,68.0,44.0,49.0,67.0,12.0,0.861
14,Yordan Alvarez,764600.0,0.0,25.0,107.0,77.0,79.0,62.0,87.0,1.0,1.009
15,Brian Anderson,4475000.0,39375.0,29.0,52.0,28.0,15.0,27.0,70.0,1.0,0.715
16,Tim Anderson,9500000.0,1235714.2857142857,29.0,100.0,50.0,25.0,14.0,55.0,13.0,0.734
17,Elvis Andrus,14250000.0,925000.0,33.0,87.0,42.0,33.0,30.0,65.0,8.0,0.671
18,Aristides Aquino,700000.0,0.0,28.0,24.0,14.0,13.0,7.0,62.0,2.0,0.504
19,Orlando Arcia,1600000.0,176983.33333333334,27.0,42.0,20.0,26.0,19.0,42.0,0.0,0.726
20,Nolan Arenado,35000000.0,3450000.0,31.0,129.0,60.0,81.0,41.0,61.0,3.0,0.917
21,Randy Arozarena,700000.0,0.0,27.0,113.0,52.0,65.0,37.0,119.0,23.0,0.766
22,Luis Arraez,2125000.0,0.0,25.0,134.0,67.0,40.0,42.0,35.0,4.0,0.828
23,Christian Arroyo,1200000.0,0.0,27.0,55.0,24.0,22.0,10.0,32.0,3.0,0.753
24,Jose Azocar,700000.0,0.0,26.0,32.0,13.0,8.0,9.0,32.0,4.0,0.609
25,Akil Baddoo,700000.0,0.0,23.0,23.0,12.0,5.0,11.0,38.0,4.0,0.488
26,Harrison Bader,5200000.0,640000.0,28.0,63.0,35.0,21.0,13.0,47.0,15.0,0.673
27,Javier Baez,20000000.0,1231000.0,29.0,92.0,43.0,45.0,20.0,110.0,7.0,0.633
28,Austin Barnes,2650000.0,225000.0,32.0,22.0,21.0,16.0,19.0,25.0,2.0,0.635
29,Tucker Barnhart,7500000.0,872812.5,31.0,45.0,10.0,13.0,16.0,63.0,0.0,0.498
30,Joey Bart,700000.0,0.0,25.0,43.0,26.0,21.0,20.0,83.0,2.0,0.711
31,Seth Beer,700000.0,0.0,25.0,21.0,4.0,9.0,11.0,31.0,0.0,0.521
32,Cody Bellinger,17000000.0,2735833.3333333335,26.0,82.0,56.0,52.0,29.0,120.0,11.0,0.663
33,Josh Bell,10000000.0,1181375.0,29.0,122.0,64.0,62.0,60.0,77.0,0.0,0.825
34,Brandon Belt,18400000.0,700000.0,34.0,54.0,25.0,23.0,37.0,81.0,1.0,0.676
35,Andrew Benintendi,8500000.0,1325166.6666666667,27.0,129.0,51.0,48.0,52.0,72.0,7.0,0.775
36,Jon Berti,1200000.0,0.0,32.0,61.0,33.0,20.0,29.0,57.0,30.0,0.724
37,Christian Bethancourt,700000.0,925.0,30.0,54.0,31.0,23.0,11.0,56.0,5.0,0.662
38,Mookie Betts,22916666.0,2489129.5555555555,29.0,117.0,90.0,62.0,42.0,76.0,11.0,0.876
39,Bo Bichette,700000.0,0.0,24.0,125.0,63.0,64.0,28.0,127.0,7.0,0.718
40,Cavan Biggio,2123000.0,0.0,27.0,39.0,28.0,16.0,28.0,58.0,2.0,0.708
41,Charlie Blackmon,21000000.0,1708250.0,35.0,115.0,56.0,69.0,27.0,84.0,3.0,0.754
43,Xander Bogaerts,20000000.0,2166388.888888889,29.0,129.0,66.0,50.0,43.0,97.0,7.0,0.81
44,Alec Bohm,700000.0,0.0,25.0,127.0,61.0,56.0,22.0,89.0,1.0,0.737
45,Skye Bolt,700000.0,0.0,28.0,21.0,9.0,12.0,7.0,29.0,5.0,0.613
46,Jackie Bradley Jr.,9500000.0,901000.0,32.0,59.0,22.0,32.0,18.0,61.0,2.0,0.574
47,Michael Brantley,16000000.0,1199938.4615384615,35.0,70.0,28.0,26.0,31.0,30.0,1.0,0.785
48,Alex Bregman,13000000.0,1780085.7142857143,28.0,111.0,72.0,72.0,65.0,62.0,1.0,0.83
49,Jonah Bride,700000.0,0.0,26.0,24.0,8.0,4.0,12.0,16.0,1.0,0.566
50,Mike Brosseau,700000.0,0.0,28.0,31.0,11.0,19.0,12.0,40.0,2.0,0.757
51,Seth Brown,700000.0,0.0,29.0,83.0,38.0,49.0,33.0,100.0,8.0,0.722
52,Vidal Brujan,700000.0,0.0,24.0,23.0,11.0,15.0,12.0,36.0,4.0,0.477
53,Kris Bryant,18000000.0,2094222.2222222222,30.0,49.0,28.0,14.0,17.0,27.0,0.0,0.851
54,Jake Burger,700000.0,0.0,26.0,42.0,20.0,26.0,10.0,56.0,0.0,0.761
55,Byron Buxton,9142857.0,1232908.142857143,28.0,76.0,61.0,51.0,34.0,116.0,6.0,0.833
56,Miguel Cabrera,32000000.0,1713888.888888889,39.0,90.0,23.0,37.0,25.0,90.0,1.0,0.639
57,Lorenzo Cain,18000000.0,1592650.0,36.0,26.0,17.0,9.0,8.0,36.0,2.0,0.465
58,Kole Calhoun,5200000.0,420000.0,34.0,69.0,35.0,43.0,21.0,108.0,2.0,0.625
59,Johan Camargo,1400000.0,169000.0,28.0,36.0,8.0,15.0,13.0,37.0,0.0,0.613
60,Jeimer Candelario,5800000.0,491666.6666666667,28.0,65.0,36.0,34.0,22.0,87.0,0.0,0.589
61,Mark Canha,13000000.0,1564285.7142857143,33.0,92.0,53.0,47.0,40.0,72.0,2.0,0.778
62,Victor Caratini,700000.0,0.0,28.0,41.0,21.0,24.0,26.0,51.0,0.0,0.695
63,Dylan Carlson,700000.0,0.0,23.0,89.0,46.0,37.0,35.0,76.0,5.0,0.711
64,Matt Carpenter,700000.0,1638181.8181818181,36.0,39.0,28.0,37.0,19.0,35.0,0.0,1.138
65,Curt Casali,2600000.0,275000.0,33.0,26.0,14.0,14.0,16.0,41.0,0.0,0.667
66,Nick Castellanos,20000000.0,1440000.0,30.0,126.0,52.0,58.0,27.0,119.0,7.0,0.708
67,Diego Castillo,700000.0,0.0,24.0,48.0,24.0,25.0,13.0,70.0,1.0,0.613
68,Harold Castro,1275000.0,0.0,28.0,85.0,32.0,29.0,13.0,59.0,0.0,0.713
69,Rodolfo Castro,700000.0,0.0,23.0,29.0,9.0,7.0,8.0,28.0,4.0,0.717
70,Willi Castro,700000.0,0.0,25.0,71.0,37.0,21.0,13.0,62.0,7.0,0.657
71,Gilberto Celestino,700000.0,0.0,23.0,50.0,21.0,13.0,14.0,48.0,0.0,0.649
72,Matt Chapman,12500000.0,1007083.3333333334,29.0,93.0,65.0,61.0,40.0,124.0,2.0,0.773
73,Michael Chavis,700000.0,0.0,26.0,78.0,30.0,39.0,13.0,96.0,1.0,0.691
74,Robinson Chirinos,900000.0,655971.0,38.0,29.0,8.0,19.0,15.0,56.0,1.0,0.551
75,Jazz Chisholm Jr.,700000.0,0.0,24.0,54.0,39.0,45.0,21.0,66.0,12.0,0.86
76,Ji-Man Choi,3200000.0,208083.33333333334,31.0,69.0,28.0,46.0,47.0,101.0,0.0,0.718
77,Ernie Clement,700000.0,0.0,26.0,29.0,16.0,6.0,11.0,24.0,0.0,0.491
78,Willson Contreras,9625000.0,1297214.2857142857,30.0,94.0,61.0,52.0,42.0,93.0,4.0,0.829
79,William Contreras,700000.0,0.0,24.0,61.0,34.0,32.0,27.0,67.0,2.0,0.853
80,Garrett Cooper,2500000.0,175000.0,31.0,87.0,28.0,42.0,32.0,92.0,0.0,0.76
81,Franchy Cordero,700000.0,-117833.33333333333,27.0,48.0,32.0,25.0,24.0,78.0,4.0,0.68
82,Carlos Correa,35100000.0,4322912.5,27.0,98.0,50.0,39.0,46.0,85.0,0.0,0.783
83,Brandon Crawford,700000.0,1226583.3333333333,35.0,66.0,36.0,40.0,28.0,69.0,1.0,0.663
84,J.P. Crawford,6000000.0,-3372300.0,27.0,106.0,50.0,32.0,46.0,55.0,3.0,0.692
85,C.J. Cron,7250000.0,842187.5,32.0,121.0,64.0,80.0,32.0,128.0,0.0,0.815
86,Jake Cronenworth,700000.0,0.0,28.0,108.0,72.0,63.0,59.0,101.0,2.0,0.728
87,Nelson Cruz,12000000.0,699551.6666666666,41.0,94.0,46.0,60.0,44.0,107.0,4.0,0.672
88,Oneil Cruz,700000.0,0.0,23.0,37.0,23.0,30.0,13.0,77.0,6.0,0.65
89,Charlie Culberson,1750000.0,149166.66666666666,33.0,27.0,17.0,9.0,5.0,29.0,2.0,0.605
90,Bobby Dalbec,700000.0,0.0,27.0,59.0,35.0,32.0,26.0,104.0,2.0,0.643
91,Travis d'Arnaud,8000000.0,833160.0,33.0,76.0,43.0,45.0,15.0,64.0,0.0,0.761
92,J.D. Davis,2760000.0,-515716.0,29.0,55.0,35.0,26.0,26.0,82.0,1.0,0.736
93,Yonathan Daza,700000.0,0.0,28.0,84.0,40.0,24.0,18.0,39.0,0.0,0.712
94,Paul DeJong,6166666.0,833333.1666666666,28.0,26.0,15.0,24.0,14.0,53.0,3.0,0.609
95,Bryan De La Cruz,700000.0,0.0,25.0,50.0,22.0,21.0,14.0,70.0,3.0,0.581
96,Rafael Devers,11200000.0,1112500.0,25.0,124.0,68.0,63.0,31.0,82.0,2.0,0.906
98,Elias Diaz,3000000.0,488200.0,31.0,59.0,18.0,33.0,22.0,57.0,0.0,0.665
100,Corey Dickerson,5000000.0,475000.0,33.0,36.0,18.0,20.0,9.0,28.0,0.0,0.637
101,Josh Donaldson,21750000.0,1933272.7272727273,36.0,80.0,40.0,47.0,38.0,115.0,2.0,0.686
102,Brendan Donovan,700000.0,0.0,25.0,77.0,37.0,32.0,40.0,53.0,2.0,0.798
103,Hunter Dozier,4750000.0,450000.0,30.0,88.0,39.0,35.0,30.0,96.0,2.0,0.693
104,Brandon Drury,700000.0,-700000.0,29.0,110.0,72.0,73.0,33.0,100.0,2.0,0.824
105,Mauricio Dubon,700000.0,0.0,27.0,40.0,25.0,20.0,12.0,16.0,2.0,0.593
106,Matt Duffy,1500000.0,114000.0,31.0,35.0,7.0,5.0,9.0,30.0,0.0,0.599
107,Ezequiel Duran,700000.0,0.0,23.0,39.0,20.0,18.0,11.0,41.0,4.0,0.663
108,Jarren Duran,700000.0,0.0,25.0,42.0,23.0,15.0,14.0,57.0,7.0,0.651
109,Adam Duvall,9275000.0,-531250.0,33.0,61.0,39.0,36.0,21.0,101.0,0.0,0.677
110,Tommy Edman,700000.0,0.0,27.0,112.0,77.0,40.0,39.0,88.0,24.0,0.678
111,Adam Engel,2000000.0,289600.0,30.0,47.0,29.0,14.0,11.0,62.0,11.0,0.617
112,Alcides Escobar,1000000.0,175000.0,35.0,27.0,12.0,8.0,5.0,32.0,1.0,0.542
113,Eduardo Escobar,10000000.0,368055.5833333333,33.0,81.0,41.0,44.0,28.0,101.0,0.0,0.653
114,Santiago Espinal,700000.0,0.0,27.0,105.0,43.0,44.0,30.0,64.0,5.0,0.705
115,Thairo Estrada,700000.0,0.0,26.0,95.0,55.0,49.0,20.0,60.0,16.0,0.731
116,Kyle Farmer,3155000.0,921666.6666666666,31.0,98.0,42.0,55.0,25.0,68.0,4.0,0.706
117,David Fletcher,4000000.0,400000.0,28.0,32.0,12.0,13.0,6.0,7.0,0.0,0.723
118,Wilmer Flores,3500000.0,298645.7,30.0,100.0,58.0,59.0,43.0,71.0,0.0,0.785
119,Nick Fortes,700000.0,0.0,25.0,30.0,27.0,17.0,9.0,28.0,5.0,0.732
120,Jake Fraley,700000.0,0.0,27.0,25.0,21.0,17.0,14.0,22.0,2.0,0.822
121,Maikel Franco,700000.0,22812.5,29.0,85.0,31.0,39.0,12.0,75.0,1.0,0.597
122,Ty France,700000.0,0.0,27.0,115.0,44.0,62.0,29.0,68.0,0.0,0.787
123,Wander Franco,1454545.0,0.0,21.0,59.0,34.0,23.0,17.0,26.0,5.0,0.704
124,Adam Frazier,8000000.0,468812.5,30.0,107.0,53.0,31.0,39.0,58.0,8.0,0.63
125,Freddie Freeman,27000000.0,2222583.3333333335,32.0,151.0,85.0,74.0,58.0,81.0,10.0,0.914
127,Joey Gallo,10275000.0,992235.0,28.0,45.0,38.0,29.0,44.0,120.0,2.0,0.669
128,Ben Gamel,1800000.0,138716.66666666666,30.0,71.0,33.0,38.0,35.0,78.0,5.0,0.715
130,Aramis Garcia,700000.0,0.0,29.0,23.0,6.0,4.0,3.0,34.0,0.0,0.516
131,Avisail Garcia,12000000.0,1151000.0,31.0,75.0,29.0,30.0,13.0,95.0,4.0,0.591
132,Leury Garcia,5500000.0,765000.0,31.0,58.0,35.0,19.0,7.0,59.0,1.0,0.512
133,Luis Garcia,700000.0,0.0,22.0,66.0,18.0,25.0,4.0,48.0,1.0,0.718
134,Kyle Garlick,700000.0,0.0,30.0,27.0,18.0,17.0,8.0,29.0,0.0,0.833
135,Mitch Garver,3335000.0,696875.0,31.0,39.0,23.0,24.0,23.0,53.0,1.0,0.702
136,Andres Gimenez,700000.0,0.0,23.0,110.0,48.0,58.0,22.0,82.0,15.0,0.868
137,Paul Goldschmidt,26000000.0,2126500.0,34.0,146.0,87.0,100.0,60.0,103.0,5.0,1.049
138,Yan Gomes,6000000.0,287500.0,34.0,45.0,16.0,17.0,6.0,32.0,0.0,0.613
139,Luis Gonzalez,700000.0,-125714.28571428571,26.0,66.0,26.0,32.0,26.0,55.0,10.0,0.708
140,Marwin Gonzalez,700000.0,229090.9090909091,33.0,26.0,12.0,11.0,10.0,38.0,2.0,0.598
141,Oscar Gonzalez,700000.0,0.0,24.0,58.0,17.0,21.0,7.0,43.0,1.0,0.794
142,Nick Gordon,700000.0,0.0,26.0,74.0,30.0,24.0,13.0,67.0,6.0,0.744
143,Nolan Gorman,700000.0,0.0,22.0,56.0,39.0,32.0,23.0,79.0,1.0,0.781
144,Yuli Gurriel,8000000.0,1085285.7142857143,38.0,102.0,46.0,36.0,24.0,58.0,8.0,0.675
145,Yasmani Grandal,18250000.0,1500000.0,33.0,51.0,9.0,21.0,36.0,61.0,1.0,0.566
146,Riley Greene,700000.0,0.0,21.0,55.0,29.0,24.0,20.0,75.0,1.0,0.645
147,Didi Gregorius,15250000.0,1476700.0,32.0,45.0,17.0,19.0,13.0,36.0,1.0,0.567
148,Randal Grichuk,700000.0,597837.0,30.0,102.0,46.0,60.0,20.0,98.0,3.0,0.734
149,Trent Grisham,700000.0,0.0,25.0,75.0,50.0,47.0,52.0,112.0,5.0,0.665
150,Robbie Grossman,5000000.0,494166.6666666667,32.0,65.0,28.0,29.0,44.0,104.0,3.0,0.613
151,Vladimir Guerrero Jr.,7900000.0,0.0,23.0,130.0,70.0,75.0,45.0,84.0,4.0,0.854
152,Luis Guillorme,875000.0,0.0,27.0,73.0,31.0,14.0,29.0,39.0,1.0,0.712
153,Lourdes Gurriel Jr.,4928572.0,810714.4,28.0,120.0,49.0,49.0,28.0,73.0,3.0,0.757
154,Eric Haase,700000.0,0.0,29.0,53.0,27.0,31.0,18.0,70.0,0.0,0.684
155,Sam Haggerty,700000.0,0.0,28.0,36.0,22.0,15.0,6.0,31.0,10.0,0.849
156,Darick Hall,700000.0,0.0,26.0,34.0,19.0,16.0,5.0,40.0,0.0,0.847
157,Garrett Hampson,1863000.0,-5537937.25,27.0,35.0,25.0,13.0,17.0,46.0,7.0,0.629
158,Ian Happ,6850000.0,463916.6666666667,27.0,119.0,53.0,56.0,46.0,117.0,7.0,0.8
159,Bryce Harper,27538461.0,1230769.1818181819,29.0,77.0,49.0,48.0,26.0,52.0,9.0,0.985
160,Josh Harrison,4000000.0,410545.45454545453,34.0,75.0,40.0,23.0,18.0,55.0,1.0,0.691
162,Ke'Bryan Hayes,10000000.0,0.0,25.0,98.0,44.0,35.0,39.0,93.0,13.0,0.681
163,Austin Hays,700000.0,0.0,26.0,105.0,55.0,50.0,26.0,90.0,2.0,0.739
164,Austin Hedges,4000000.0,577150.0,29.0,37.0,20.0,23.0,20.0,55.0,1.0,0.526
165,Jonah Heim,700000.0,0.0,27.0,79.0,45.0,43.0,36.0,72.0,2.0,0.758
166,Tyler Heineman,700000.0,0.0,31.0,25.0,13.0,8.0,5.0,16.0,1.0,0.49
167,Cesar Hernandez,4000000.0,431818.1818181818,32.0,118.0,55.0,26.0,35.0,92.0,8.0,0.617
168,Enrique Hernandez,8000000.0,935000.0,30.0,50.0,28.0,31.0,18.0,47.0,0.0,0.619
169,Teoscar Hernandez,10650000.0,1055000.0,29.0,96.0,49.0,58.0,25.0,108.0,6.0,0.8
171,Jose Herrera,700000.0,0.0,25.0,21.0,9.0,5.0,9.0,34.0,0.0,0.457
172,Odubel Herrera,1750000.0,174571.42857142858,30.0,44.0,23.0,21.0,11.0,42.0,6.0,0.658
173,Jason Heyward,22000000.0,1661538.4615384615,32.0,28.0,15.0,10.0,11.0,32.0,1.0,0.556
174,Aaron Hicks,10785714.0,-1128078.6,32.0,67.0,41.0,32.0,54.0,82.0,9.0,0.636
175,Kyle Higashioka,935000.0,0.0,32.0,31.0,20.0,20.0,10.0,39.0,0.0,0.601
176,P.J. Higgins,700000.0,0.0,29.0,30.0,17.0,20.0,11.0,33.0,0.0,0.772
177,Sam Hilliard,700000.0,0.0,28.0,31.0,25.0,14.0,21.0,51.0,4.0,0.556
178,Keston Hiura,700000.0,0.0,25.0,37.0,25.0,25.0,17.0,74.0,5.0,0.867
179,Nico Hoerner,700000.0,0.0,25.0,109.0,38.0,39.0,23.0,47.0,14.0,0.75
180,Rhys Hoskins,7700000.0,487083.3333333333,29.0,111.0,63.0,60.0,60.0,128.0,2.0,0.815
181,Eric Hosmer,21000000.0,1708125.0,32.0,100.0,38.0,44.0,37.0,64.0,0.0,0.715
182,Cooper Hummel,700000.0,0.0,27.0,24.0,15.0,13.0,20.0,51.0,4.0,0.569
185,Jonathan India,700000.0,0.0,25.0,61.0,31.0,26.0,14.0,65.0,2.0,0.705
186,Kyle Isbel,700000.0,0.0,25.0,41.0,23.0,20.0,8.0,56.0,7.0,0.597
187,Danny Jansen,1950000.0,-2950.0,27.0,24.0,17.0,25.0,11.0,27.0,0.0,0.692
188,Ryan Jeffers,700000.0,0.0,25.0,41.0,23.0,25.0,21.0,58.0,0.0,0.666
190,Connor Joe,700000.0,0.0,29.0,92.0,53.0,25.0,53.0,90.0,6.0,0.707
191,Aaron Judge,19000000.0,3150000.0,30.0,131.0,99.0,103.0,69.0,134.0,13.0,1.05
192,Jarred Kelenic,700000.0,0.0,22.0,14.0,12.0,12.0,9.0,47.0,5.0,0.452
193,Carson Kelly,3325000.0,406250.0,27.0,47.0,26.0,24.0,15.0,47.0,1.0,0.654
194,Tony Kemp,2250000.0,200000.0,30.0,82.0,37.0,28.0,35.0,58.0,8.0,0.606
195,Max Kepler,6750000.0,886071.4285714285,29.0,77.0,46.0,41.0,43.0,59.0,3.0,0.675
196,Kevin Kiermaier,12166666.0,1294762.888888889,32.0,47.0,28.0,22.0,14.0,61.0,6.0,0.649
198,Isiah Kiner-Falefa,4700000.0,540000.0,27.0,99.0,51.0,36.0,23.0,57.0,15.0,0.637
199,Alex Kirilloff,700000.0,0.0,24.0,36.0,14.0,21.0,5.0,36.0,0.0,0.651
200,Alejandro Kirk,700000.0,0.0,23.0,106.0,50.0,47.0,43.0,42.0,0.0,0.829
201,Andrew Knizner,700000.0,0.0,27.0,42.0,19.0,19.0,22.0,46.0,0.0,0.588
202,Steven Kwan,700000.0,0.0,24.0,120.0,62.0,32.0,43.0,42.0,12.0,0.769
203,Trevor Larnach,700000.0,0.0,25.0,37.0,22.0,18.0,18.0,57.0,0.0,0.712
204,Tommy La Stella,5250000.0,616666.6666666666,33.0,37.0,15.0,12.0,7.0,26.0,0.0,0.661
205,Ramon Laureano,2450000.0,0.0,27.0,69.0,44.0,29.0,25.0,89.0,10.0,0.695
206,DJ LeMahieu,15000000.0,1318090.9090909092,33.0,116.0,71.0,45.0,61.0,63.0,4.0,0.789
207,Francisco Lindor,34100000.0,4194962.5,28.0,131.0,80.0,84.0,48.0,102.0,13.0,0.803
208,Evan Longoria,19666667.0,1277777.8,36.0,46.0,27.0,26.0,22.0,51.0,0.0,0.829
209,Nicky Lopez,2550000.0,0.0,27.0,86.0,42.0,15.0,24.0,58.0,12.0,0.566
210,Brandon Lowe,4000000.0,600000.0,27.0,51.0,31.0,25.0,23.0,57.0,1.0,0.72
211,Josh Lowe,700000.0,0.0,24.0,40.0,24.0,13.0,15.0,66.0,3.0,0.627
212,Nathaniel Lowe,700000.0,0.0,26.0,130.0,54.0,54.0,32.0,112.0,2.0,0.812
213,Jed Lowrie,850000.0,34666.666666666664,38.0,30.0,14.0,16.0,15.0,39.0,1.0,0.508
214,Jordan Luplow,1400000.0,0.0,28.0,29.0,24.0,27.0,20.0,54.0,5.0,0.644
215,Gavin Lux,700000.0,0.0,24.0,105.0,60.0,39.0,44.0,75.0,7.0,0.812
216,Manny Machado,32000000.0,2958750.0,29.0,131.0,77.0,76.0,49.0,96.0,7.0,0.902
217,Vimael Machin,700000.0,0.0,28.0,27.0,13.0,5.0,10.0,21.0,0.0,0.569
218,Bligh Madris,700000.0,0.0,26.0,18.0,10.0,6.0,9.0,30.0,2.0,0.484
219,Nick Madrigal,700000.0,0.0,25.0,40.0,17.0,5.0,10.0,24.0,2.0,0.584
220,Luke Maile,900000.0,68320.0,31.0,30.0,16.0,13.0,17.0,37.0,0.0,0.684
221,Martin Maldonado,5000000.0,194250.0,35.0,50.0,30.0,37.0,19.0,95.0,0.0,0.596
222,Trey Mancini,7500000.0,500000.0,30.0,105.0,46.0,51.0,37.0,99.0,0.0,0.745
223,Tucupita Marcano,700000.0,0.0,22.0,28.0,15.0,11.0,9.0,34.0,2.0,0.613
224,Manuel Margot,5600000.0,373583.3333333333,27.0,56.0,21.0,27.0,17.0,37.0,5.0,0.766
225,Brandon Marsh,700000.0,0.0,24.0,74.0,36.0,39.0,24.0,127.0,9.0,0.634
226,Ketel Marte,8400000.0,875000.0,28.0,97.0,56.0,42.0,45.0,77.0,4.0,0.772
227,Starling Marte,15750000.0,1006410.3076923077,33.0,125.0,71.0,55.0,24.0,90.0,17.0,0.809
228,J.D. Martinez,19350000.0,334615.3846153846,34.0,110.0,58.0,46.0,41.0,110.0,0.0,0.78
229,Jorge Mateo,700000.0,0.0,27.0,88.0,52.0,42.0,21.0,114.0,27.0,0.695
230,Nomar Mazara,700000.0,393364.28571428574,27.0,42.0,16.0,18.0,10.0,40.0,0.0,0.668
231,James McCann,8150000.0,768750.0,32.0,21.0,10.0,13.0,5.0,30.0,2.0,0.503
232,Jake McCarthy,700000.0,0.0,24.0,51.0,32.0,22.0,16.0,44.0,9.0,0.756
233,Chas McCormick,700000.0,0.0,27.0,66.0,36.0,37.0,35.0,79.0,2.0,0.749
234,Andrew McCutchen,8500000.0,488500.0,35.0,101.0,58.0,56.0,40.0,85.0,8.0,0.718
235,Reese McGuire,700000.0,0.0,27.0,46.0,16.0,13.0,7.0,40.0,0.0,0.588
236,Ryan McKenna,700000.0,0.0,25.0,33.0,21.0,11.0,8.0,46.0,2.0,0.69
237,Ryan McMahon,5000000.0,-363000.0,27.0,101.0,49.0,56.0,51.0,117.0,7.0,0.745
238,Jeff McNeil,3000000.0,0.0,30.0,125.0,54.0,49.0,27.0,54.0,2.0,0.833
239,Austin Meadows,700000.0,0.0,27.0,32.0,9.0,11.0,16.0,17.0,0.0,0.675
240,Francisco Mejia,1455000.0,18366.666666666668,26.0,58.0,28.0,27.0,5.0,52.0,0.0,0.7
241,MJ Melendez,700000.0,0.0,23.0,73.0,38.0,43.0,47.0,95.0,0.0,0.739
242,Danny Mendick,700000.0,0.0,28.0,28.0,22.0,15.0,7.0,23.0,1.0,0.786
243,Oscar Mercado,700000.0,0.0,27.0,25.0,17.0,16.0,5.0,29.0,2.0,0.614
244,Whit Merrifield,7000000.0,918642.8571428572,33.0,102.0,57.0,44.0,35.0,70.0,16.0,0.645
245,Jake Meyers,700000.0,0.0,26.0,29.0,11.0,14.0,7.0,47.0,1.0,0.577
246,Brad Miller,6000000.0,706490.0,32.0,45.0,20.0,32.0,18.0,66.0,4.0,0.586
247,Owen Miller,700000.0,0.0,25.0,83.0,45.0,44.0,25.0,76.0,1.0,0.654
248,Jose Miranda,700000.0,0.0,24.0,81.0,31.0,53.0,14.0,61.0,1.0,0.794
249,Calvin Mitchell,700000.0,0.0,23.0,28.0,12.0,13.0,7.0,36.0,1.0,0.577
250,Yadier Molina,10000000.0,458333.3333333333,39.0,40.0,12.0,12.0,4.0,31.0,1.0,0.518
251,Yoan Moncada,13800000.0,2207500.0,27.0,56.0,28.0,40.0,26.0,86.0,0.0,0.587
252,Elehuris Montero,700000.0,0.0,23.0,25.0,13.0,13.0,2.0,35.0,0.0,0.718
253,Dylan Moore,1350000.0,41000.0,29.0,33.0,29.0,16.0,27.0,59.0,14.0,0.741
254,Colin Moran,1000000.0,-714100.0,29.0,21.0,8.0,22.0,14.0,27.0,0.0,0.659
255,Christopher Morel,700000.0,0.0,23.0,73.0,47.0,34.0,27.0,97.0,9.0,0.782
256,Ryan Mountcastle,700000.0,0.0,25.0,103.0,49.0,61.0,28.0,111.0,4.0,0.723
257,Mike Moustakas,16000000.0,1439442.3076923077,33.0,52.0,29.0,24.0,24.0,74.0,2.0,0.631
259,Max Muncy,13000000.0,1775000.0,31.0,64.0,51.0,47.0,69.0,103.0,2.0,0.716
260,Sean Murphy,700000.0,0.0,27.0,102.0,52.0,53.0,40.0,94.0,1.0,0.777
261,Wil Myers,22500000.0,2199580.0,31.0,41.0,15.0,24.0,12.0,54.0,0.0,0.62
262,Tyler Naquin,4025000.0,-329166.6666666667,31.0,57.0,38.0,40.0,15.0,68.0,4.0,0.76
263,Omar Narvaez,5000000.0,637142.8571428572,30.0,45.0,17.0,18.0,22.0,45.0,0.0,0.664
264,Josh Naylor,1200000.0,0.0,25.0,85.0,33.0,57.0,25.0,54.0,4.0,0.808
265,Sheldon Neuse,700000.0,0.0,27.0,55.0,22.0,24.0,17.0,71.0,6.0,0.591
266,Tyler Nevin,700000.0,0.0,25.0,30.0,17.0,16.0,19.0,46.0,0.0,0.558
267,Kevin Newman,1950000.0,0.0,28.0,54.0,23.0,17.0,11.0,37.0,5.0,0.685
269,Brandon Nimmo,7000000.0,979166.6666666666,29.0,118.0,74.0,42.0,48.0,87.0,0.0,0.768
270,Austin Nola,700000.0,0.0,32.0,65.0,30.0,31.0,29.0,49.0,2.0,0.638
271,Lars Nootbaar,700000.0,0.0,24.0,40.0,34.0,27.0,32.0,45.0,3.0,0.801
272,Rougned Odor,700000.0,1313275.888888889,28.0,69.0,40.0,43.0,25.0,90.0,3.0,0.631
273,Ryan O'Hearn,1300000.0,0.0,28.0,21.0,8.0,11.0,7.0,28.0,0.0,0.59
274,Shohei Ohtani,5500000.0,370000.0,27.0,115.0,67.0,72.0,60.0,120.0,11.0,0.872
275,Edward Olivares,700000.0,0.0,26.0,30.0,15.0,12.0,7.0,24.0,2.0,0.792
276,Matt Olson,15000000.0,1671250.0,28.0,119.0,63.0,83.0,59.0,130.0,0.0,0.821
277,Tyler O'Neill,3400000.0,0.0,27.0,60.0,38.0,41.0,23.0,84.0,9.0,0.642
278,Rafael Ortega,700000.0,0.0,31.0,63.0,30.0,27.0,39.0,63.0,9.0,0.67
279,Marcell Ozuna,16000000.0,1549500.0,31.0,89.0,50.0,46.0,27.0,109.0,2.0,0.653
280,Cristian Pache,700000.0,0.0,23.0,32.0,15.0,13.0,11.0,56.0,1.0,0.427
281,Isaac Paredes,700000.0,0.0,23.0,52.0,37.0,34.0,24.0,44.0,0.0,0.731
282,Vinnie Pasquantino,700000.0,0.0,24.0,46.0,18.0,15.0,22.0,27.0,0.0,0.784
283,Joc Pederson,6000000.0,333333.3333333333,30.0,72.0,40.0,47.0,27.0,69.0,3.0,0.812
284,Jeremy Pena,700000.0,0.0,24.0,93.0,52.0,44.0,19.0,103.0,7.0,0.705
285,David Peralta,7500000.0,719555.5555555555,34.0,86.0,32.0,46.0,29.0,90.0,1.0,0.75
286,Geraldo Perdomo,700000.0,0.0,22.0,62.0,45.0,27.0,39.0,79.0,6.0,0.547
287,Michael Perez,700000.0,0.0,29.0,18.0,10.0,14.0,10.0,32.0,1.0,0.511
288,Salvador Perez,18000000.0,1568181.8181818181,32.0,72.0,35.0,55.0,13.0,93.0,0.0,0.705
289,Jace Peterson,1825000.0,186000.0,32.0,54.0,33.0,30.0,22.0,61.0,10.0,0.764
290,Tommy Pham,6000000.0,-322222.22222222225,34.0,101.0,69.0,52.0,45.0,123.0,7.0,0.715
291,Brett Phillips,1400000.0,0.0,28.0,29.0,22.0,15.0,16.0,94.0,7.0,0.466
292,Chad Pinder,2725000.0,435000.0,30.0,68.0,28.0,36.0,11.0,96.0,2.0,0.655
293,Stephen Piscotty,7583334.0,883854.25,31.0,24.0,12.0,14.0,9.0,48.0,2.0,0.593
294,Kevin Plawecki,2250000.0,241789.85714285713,31.0,24.0,10.0,9.0,11.0,25.0,0.0,0.499
295,Jorge Polanco,5500000.0,708571.4285714285,28.0,85.0,51.0,55.0,61.0,88.0,3.0,0.748
297,Nick Pratto,700000.0,0.0,23.0,16.0,9.0,8.0,12.0,41.0,0.0,0.595
298,Jurickson Profar,7333334.0,961190.5714285715,29.0,107.0,68.0,47.0,62.0,74.0,5.0,0.737
299,Albert Pujols,2500000.0,1000000.0,42.0,56.0,26.0,38.0,19.0,37.0,1.0,0.88
300,Cal Raleigh,700000.0,0.0,25.0,59.0,32.0,43.0,27.0,93.0,1.0,0.761
301,Harold Ramirez,700000.0,0.0,27.0,89.0,35.0,38.0,16.0,38.0,3.0,0.837
302,Jose Ramirez,22000000.0,2387633.3333333335,29.0,125.0,68.0,99.0,47.0,51.0,14.0,0.888
303,J.T. Realmuto,23875000.0,2917812.5,31.0,101.0,56.0,57.0,32.0,90.0,15.0,0.782
304,Rob Refsnyder,100000.0,0.0,31.0,32.0,18.0,14.0,12.0,25.0,0.0,0.93
305,Anthony Rendon,36571429.0,3562142.9,32.0,37.0,15.0,24.0,23.0,32.0,2.0,0.707
306,Hunter Renfroe,7650000.0,-4827938.166666667,30.0,78.0,43.0,50.0,27.0,87.0,1.0,0.798
307,Luis Rengifo,700000.0,0.0,25.0,87.0,30.0,34.0,13.0,53.0,5.0,0.729
308,Franmil Reyes,4550000.0,0.0,26.0,71.0,29.0,35.0,15.0,116.0,2.0,0.649
309,Victor Reyes,1400000.0,-4100.0,27.0,57.0,15.0,21.0,9.0,50.0,2.0,0.67
310,Bryan Reynolds,6750000.0,0.0,27.0,101.0,56.0,46.0,44.0,103.0,5.0,0.805
311,Matt Reynolds,700000.0,0.0,31.0,51.0,30.0,20.0,20.0,67.0,5.0,0.653
312,Austin Riley,3950000.0,0.0,25.0,136.0,71.0,78.0,38.0,128.0,2.0,0.908
313,Alfonso Rivas,700000.0,0.0,25.0,41.0,19.0,24.0,20.0,63.0,3.0,0.63
314,Emmanuel Rivera,700000.0,0.0,26.0,61.0,34.0,29.0,17.0,59.0,0.0,0.747
315,Anthony Rizzo,16000000.0,1211538.4615384615,32.0,87.0,67.0,68.0,52.0,88.0,6.0,0.825
316,Luis Robert,6000000.0,1809900.0,24.0,103.0,52.0,56.0,16.0,66.0,11.0,0.788
317,Victor Robles,1650000.0,0.0,25.0,64.0,38.0,28.0,15.0,80.0,13.0,0.591
318,Brendan Rodgers,700000.0,0.0,25.0,124.0,60.0,58.0,34.0,79.0,0.0,0.768
319,Julio Rodriguez,700000.0,0.0,21.0,112.0,62.0,63.0,29.0,119.0,23.0,0.806
320,Josh Rojas,700000.0,0.0,28.0,92.0,51.0,38.0,38.0,68.0,17.0,0.775
321,Miguel Rojas,5000000.0,498777.77777777775,33.0,85.0,31.0,29.0,23.0,48.0,9.0,0.612
322,Amed Rosario,4950000.0,429426.6666666667,26.0,133.0,68.0,51.0,22.0,75.0,11.0,0.728
323,Eddie Rosario,9000000.0,911944.4444444445,30.0,31.0,17.0,18.0,13.0,47.0,3.0,0.547
324,Darin Ruf,3000000.0,290000.0,35.0,64.0,49.0,44.0,42.0,92.0,2.0,0.694
325,Keibert Ruiz,700000.0,0.0,23.0,86.0,28.0,32.0,27.0,48.0,6.0,0.663
326,Adley Rutschman,700000.0,0.0,24.0,66.0,48.0,25.0,41.0,54.0,2.0,0.821
327,Gary Sanchez,9000000.0,1206014.2857142857,29.0,66.0,31.0,42.0,26.0,92.0,2.0,0.674
328,Jesus Sanchez,700000.0,0.0,24.0,61.0,36.0,33.0,24.0,86.0,1.0,0.658
329,Anthony Santander,3150000.0,-1880700.0,27.0,111.0,57.0,67.0,41.0,87.0,0.0,0.797
330,Carlos Santana,10500000.0,720242.8571428572,36.0,60.0,32.0,41.0,56.0,53.0,0.0,0.668
331,Carlos Santana,700000.0,720242.8571428572,36.0,60.0,32.0,41.0,56.0,53.0,0.0,0.668
332,Jonathan Schoop,7500000.0,687500.0,30.0,86.0,40.0,34.0,15.0,99.0,5.0,0.553
333,Kyle Schwarber,19000000.0,2305562.5,29.0,92.0,75.0,71.0,62.0,153.0,6.0,0.811
334,Frank Schwindel,700000.0,0.0,30.0,62.0,23.0,36.0,19.0,58.0,0.0,0.635
335,Corey Seager,33000000.0,4061250.0,28.0,115.0,66.0,62.0,47.0,78.0,3.0,0.792
336,Jean Segura,14850000.0,1305272.7272727273,32.0,63.0,28.0,22.0,14.0,34.0,11.0,0.757
337,Marcus Semien,25000000.0,2722222.222222222,31.0,115.0,69.0,61.0,42.0,86.0,19.0,0.695
338,Nick Senzel,1250000.0,0.0,27.0,73.0,38.0,22.0,21.0,65.0,6.0,0.625
339,Brian Serven,700000.0,0.0,27.0,32.0,17.0,15.0,12.0,30.0,0.0,0.687
340,Gavin Sheets,700000.0,0.0,26.0,64.0,20.0,30.0,17.0,59.0,0.0,0.692
341,Jose Siri,700000.0,0.0,26.0,36.0,29.0,12.0,13.0,73.0,9.0,0.542
342,Austin Slater,1850000.0,116666.66666666667,29.0,61.0,41.0,28.0,33.0,73.0,11.0,0.767
343,Dominic Smith,3950000.0,233333.33333333334,27.0,26.0,11.0,17.0,12.0,37.0,0.0,0.56
344,Josh Smith,700000.0,0.0,24.0,32.0,18.0,12.0,21.0,33.0,3.0,0.597
345,Kevin Smith,700000.0,0.0,25.0,25.0,9.0,13.0,7.0,42.0,4.0,0.518
346,Pavin Smith,700000.0,0.0,26.0,44.0,20.0,31.0,25.0,63.0,1.0,0.652
347,Will Smith,700000.0,0.0,27.0,104.0,53.0,73.0,46.0,70.0,1.0,0.836
348,Donovan Solano,4500000.0,449285.71428571426,34.0,51.0,17.0,19.0,12.0,37.0,0.0,0.812
349,Jorge Soler,12000000.0,791666.6666666666,30.0,56.0,32.0,34.0,31.0,90.0,0.0,0.695
350,Edmundo Sosa,700000.0,0.0,26.0,28.0,18.0,12.0,4.0,42.0,6.0,0.533
351,Juan Soto,17100000.0,1720000.0,23.0,102.0,76.0,50.0,108.0,73.0,6.0,0.894
352,George Springer,29666666.0,3239307.3333333335,32.0,95.0,64.0,51.0,37.0,73.0,10.0,0.824
353,Jacob Stallings,2450000.0,253500.0,32.0,60.0,23.0,28.0,21.0,66.0,0.0,0.574
354,Giancarlo Stanton,29000000.0,2598545.4545454546,32.0,66.0,40.0,61.0,35.0,93.0,0.0,0.807
355,Max Stassi,3000000.0,610725.0,31.0,53.0,25.0,24.0,33.0,87.0,0.0,0.61
356,Tyler Stephenson,700000.0,0.0,25.0,53.0,24.0,35.0,12.0,47.0,1.0,0.854
357,Trevor Story,20000000.0,2784642.8571428573,29.0,68.0,49.0,58.0,28.0,105.0,10.0,0.713
358,Bryson Stott,700000.0,0.0,24.0,69.0,39.0,38.0,24.0,57.0,7.0,0.637
359,Myles Straw,1650000.0,0.0,27.0,83.0,57.0,23.0,44.0,67.0,15.0,0.536
360,Eugenio Suarez,700000.0,1137857.111111111,30.0,99.0,59.0,69.0,62.0,163.0,0.0,0.766
361,Jack Suwinski,700000.0,0.0,23.0,44.0,33.0,25.0,24.0,76.0,2.0,0.716
362,Kurt Suzuki,1750000.0,120147.05882352941,38.0,23.0,9.0,13.0,13.0,29.0,0.0,0.538
363,Seiya Suzuki,8000000.0,6250000.0,27.0,72.0,38.0,38.0,30.0,85.0,7.0,0.738
364,Dansby Swanson,10000000.0,1351428.5714285714,28.0,140.0,80.0,68.0,39.0,136.0,16.0,0.794
365,Raimel Tapia,3950000.0,400000.0,28.0,82.0,32.0,38.0,10.0,58.0,5.0,0.676
366,Leody Taveras,700000.0,0.0,23.0,56.0,26.0,27.0,14.0,53.0,8.0,0.76
367,Chris Taylor,15000000.0,1803125.0,31.0,67.0,35.0,31.0,35.0,123.0,7.0,0.709
368,Michael A. Taylor,4500000.0,-1750000.0,31.0,81.0,36.0,31.0,29.0,88.0,1.0,0.686
369,Tyrone Taylor,700000.0,0.0,28.0,65.0,32.0,40.0,17.0,80.0,1.0,0.684
370,Rowdy Tellez,1940000.0,0.0,27.0,93.0,49.0,74.0,47.0,89.0,1.0,0.81
371,Alek Thomas,700000.0,0.0,22.0,73.0,36.0,31.0,20.0,61.0,4.0,0.663
372,Lane Thomas,700000.0,0.0,26.0,83.0,41.0,38.0,22.0,93.0,4.0,0.685
373,Trayce Thompson,700000.0,0.0,31.0,33.0,19.0,23.0,17.0,52.0,2.0,0.812
374,Spencer Torkelson,700000.0,0.0,22.0,52.0,25.0,21.0,29.0,76.0,0.0,0.577
375,Abraham Toro,700000.0,0.0,25.0,47.0,30.0,26.0,20.0,47.0,1.0,0.56
376,Gleyber Torres,6250000.0,171040.0,25.0,99.0,54.0,50.0,26.0,96.0,5.0,0.728
377,Luis Torrens,700000.0,-1905000.0,26.0,28.0,9.0,10.0,8.0,45.0,0.0,0.514
378,Jose Trevino,700000.0,0.0,29.0,68.0,33.0,36.0,12.0,46.0,2.0,0.723
379,Mike Trout,37116666.0,3052013.8333333335,30.0,80.0,55.0,52.0,40.0,101.0,1.0,0.948
380,Yoshi Tsutsugo,4000000.0,0.0,30.0,29.0,11.0,19.0,19.0,50.0,0.0,0.478
381,Kyle Tucker,700000.0,0.0,25.0,106.0,54.0,82.0,50.0,73.0,19.0,0.815
382,Justin Turner,20000000.0,1625732.5833333333,37.0,92.0,45.0,62.0,37.0,69.0,3.0,0.731
383,Trea Turner,21000000.0,1861887.5,29.0,150.0,76.0,83.0,32.0,98.0,20.0,0.832
384,Luis Urias,2550000.0,0.0,25.0,70.0,43.0,41.0,40.0,84.0,1.0,0.704
385,Ramon Urias,700000.0,0.0,28.0,80.0,41.0,45.0,18.0,74.0,1.0,0.718
386,Gio Urshela,6550000.0,679166.6666666666,30.0,93.0,42.0,49.0,23.0,62.0,0.0,0.737
387,Josh VanMeter,700000.0,0.0,27.0,30.0,15.0,12.0,19.0,41.0,4.0,0.564
388,Daulton Varsho,700000.0,0.0,25.0,93.0,54.0,56.0,37.0,103.0,8.0,0.722
389,Andrew Vaughn,700000.0,0.0,24.0,111.0,47.0,59.0,23.0,66.0,0.0,0.8
390,Christian Vazquez,7000000.0,810875.0,31.0,94.0,37.0,45.0,19.0,56.0,1.0,0.754
391,Andrew Velazquez,700000.0,0.0,27.0,53.0,32.0,23.0,13.0,99.0,13.0,0.526
393,Alex Verdugo,3550000.0,-922500.0,26.0,125.0,51.0,58.0,29.0,53.0,1.0,0.723
394,Matt Vierling,700000.0,0.0,25.0,47.0,26.0,18.0,19.0,53.0,6.0,0.58
395,Jonathan Villar,4500000.0,181054.54545454544,31.0,42.0,25.0,18.0,15.0,59.0,7.0,0.562
396,Daniel Vogelbach,800000.0,60350.0,29.0,75.0,39.0,49.0,56.0,92.0,0.0,0.814
397,Stephen Vogt,850000.0,-20833.333333333332,37.0,17.0,11.0,13.0,14.0,31.0,1.0,0.542
398,Luke Voit,5450000.0,125000.0,31.0,78.0,44.0,53.0,44.0,132.0,1.0,0.732
399,Joey Votto,25000000.0,1303333.3333333333,38.0,66.0,31.0,41.0,44.0,97.0,0.0,0.689
400,LaMonte Wade Jr.,700000.0,0.0,28.0,22.0,15.0,22.0,16.0,28.0,0.0,0.721
401,Tyler Wade,825000.0,0.0,27.0,32.0,22.0,8.0,10.0,33.0,8.0,0.544
402,Christian Walker,2600000.0,-66300.0,31.0,93.0,60.0,70.0,58.0,94.0,0.0,0.789
403,Taylor Walls,700000.0,0.0,25.0,56.0,39.0,22.0,41.0,91.0,7.0,0.571
404,Jared Walsh,700000.0,0.0,28.0,91.0,40.0,44.0,26.0,136.0,2.0,0.65
405,Taylor Ward,700000.0,0.0,28.0,91.0,53.0,44.0,49.0,97.0,3.0,0.784
406,Joey Wendle,4550000.0,383333.3333333333,32.0,63.0,17.0,24.0,12.0,35.0,10.0,0.638
407,Eli White,700000.0,0.0,28.0,21.0,16.0,10.0,11.0,41.0,12.0,0.578
408,Jesse Winker,6250000.0,522500.0,28.0,85.0,41.0,48.0,69.0,82.0,0.0,0.709
409,Patrick Wisdom,700000.0,0.0,30.0,88.0,59.0,58.0,50.0,154.0,7.0,0.758
411,Kolten Wong,8500000.0,722222.2222222222,31.0,78.0,49.0,32.0,32.0,67.0,13.0,0.721
412,Austin Wynns,700000.0,0.0,31.0,23.0,9.0,13.0,9.0,24.0,0.0,0.603
413,Mike Yastrzemski,3700000.0,0.0,31.0,74.0,53.0,44.0,48.0,98.0,4.0,0.682
414,Christian Yelich,26000000.0,2549500.0,30.0,110.0,78.0,39.0,67.0,121.0,16.0,0.736
415,Juan Yepez,700000.0,0.0,24.0,53.0,24.0,27.0,14.0,53.0,0.0,0.758
416,Seby Zavala,700000.0,0.0,28.0,36.0,15.0,18.0,11.0,50.0,0.0,0.72
417,Mike Zunino,7000000.0,716600.0,31.0,17.0,7.0,16.0,6.0,46.0,0.0,0.499
