,Name,2022 Salary,Avg Career Salary Difference,Age,W,L,ERA,G,SV,IP,H,HR,SO,BB
0,Keegan Akin,700000.0,0.0,27.0,3.0,3.0,3.2,45.0,2.0,81.2,69.0,10.0,77.0,20.0
2,Bryan Baker,700000.0,0.0,27.0,4.0,3.0,3.49,66.0,1.0,69.2,60.0,3.0,76.0,26.0
3,Mike Baumann,700000.0,0.0,26.0,1.0,3.0,4.72,13.0,0.0,34.1,43.0,3.0,23.0,9.0
5,Kyle Bradish,700000.0,0.0,25.0,4.0,7.0,4.9,23.0,0.0,117.2,119.0,17.0,111.0,46.0
14,Joey Krehbiel,700000.0,0.0,29.0,5.0,5.0,3.9,56.0,1.0,57.2,53.0,9.0,45.0,18.0
15,Dean Kremer,700000.0,0.0,26.0,8.0,7.0,3.23,22.0,0.0,125.1,123.0,11.0,87.0,34.0
17,Jorge Lopez,1500000.0,0.0,29.0,4.0,7.0,2.54,67.0,23.0,71.0,53.0,4.0,72.0,31.0
19,Jordan Lyles,6000000.0,574866.6666666666,31.0,12.0,11.0,4.42,32.0,0.0,179.0,196.0,26.0,144.0,52.0
28,Dillon Tate,700000.0,0.0,28.0,4.0,4.0,3.05,67.0,5.0,73.2,57.0,6.0,60.0,16.0
30,Austin Voth,700000.0,0.0,30.0,5.0,4.0,4.34,41.0,0.0,101.2,111.0,14.0,90.0,31.0
31,Spenser Watkins,700000.0,0.0,29.0,5.0,6.0,4.7,23.0,0.0,105.1,119.0,11.0,63.0,30.0
33,Tyler Wells,700000.0,0.0,27.0,7.0,7.0,4.25,23.0,0.0,103.2,90.0,16.0,76.0,28.0
34,Bruce Zimmermann,700000.0,0.0,27.0,2.0,5.0,5.99,15.0,0.0,73.2,97.0,21.0,49.0,12.0
35,Matt Barnes,8125000.0,443500.0,32.0,0.0,4.0,4.31,44.0,8.0,39.2,36.0,2.0,34.0,21.0
37,Brayan Bello,700000.0,0.0,23.0,2.0,8.0,4.71,13.0,0.0,57.1,75.0,1.0,55.0,27.0
39,Ryan Brasier,1400000.0,-1350000.0,34.0,0.0,3.0,5.78,68.0,1.0,62.1,68.0,9.0,64.0,13.0
40,Kutter Crawford,700000.0,0.0,26.0,3.0,6.0,5.47,21.0,0.0,77.1,81.0,12.0,77.0,29.0
41,Tyler Danish,700000.0,0.0,27.0,3.0,1.0,5.13,32.0,0.0,40.1,40.0,7.0,32.0,12.0
42,Austin Davis,700000.0,0.0,29.0,2.0,1.0,5.79,52.0,0.0,56.0,57.0,5.0,64.0,33.0
43,Jake Diekman,3500000.0,140166.66666666666,35.0,5.0,4.0,4.99,70.0,1.0,57.2,52.0,9.0,79.0,42.0
44,Nathan Eovaldi,17000000.0,2584461.5384615385,32.0,6.0,3.0,3.87,20.0,0.0,109.1,115.0,21.0,103.0,20.0
45,Jeurys Familia,700000.0,956403.9230769231,32.0,2.0,3.0,6.09,48.0,0.0,44.1,58.0,7.0,41.0,22.0
49,Rich Hill,5000000.0,-445079.38095238095,42.0,8.0,7.0,4.27,26.0,0.0,124.1,125.0,15.0,109.0,37.0
50,Tanner Houck,700000.0,0.0,26.0,5.0,4.0,3.15,32.0,8.0,60.0,49.0,3.0,56.0,22.0
54,Nick Pivetta,2650000.0,6714.285714285715,29.0,10.0,12.0,4.56,33.0,0.0,179.2,175.0,27.0,175.0,73.0
59,Hirokazu Sawamura,1200000.0,0.0,34.0,1.0,1.0,3.73,49.0,0.0,50.2,45.0,4.0,40.0,27.0
60,John Schreiber,700000.0,0.0,28.0,4.0,4.0,2.22,64.0,8.0,65.0,45.0,3.0,74.0,19.0
62,Matt Strahm,3000000.0,208728.57142857142,30.0,4.0,4.0,3.83,50.0,4.0,44.2,38.0,5.0,52.0,17.0
64,Michael Wacha,7000000.0,249000.0,30.0,11.0,2.0,3.32,23.0,0.0,127.1,111.0,18.0,104.0,31.0
65,Garrett Whitlock,720000.0,-3140000.0,26.0,4.0,2.0,3.45,31.0,6.0,78.1,65.0,10.0,82.0,15.0
66,Josh Winckowski,700000.0,0.0,24.0,5.0,7.0,5.89,15.0,0.0,70.1,85.0,10.0,44.0,27.0
67,Tanner Banks,700000.0,0.0,30.0,2.0,0.0,3.06,35.0,0.0,53.0,42.0,5.0,49.0,18.0
70,Dylan Cease,700000.0,0.0,26.0,14.0,8.0,2.2,32.0,0.0,184.0,126.0,16.0,227.0,78.0
72,Johnny Cueto,700000.0,343750.0625,36.0,8.0,10.0,3.35,25.0,0.0,158.1,161.0,15.0,102.0,33.0
73,Jake Diekman,700000.0,140166.66666666666,35.0,5.0,4.0,4.99,70.0,1.0,57.2,52.0,9.0,79.0,42.0
74,Matt Foster,700000.0,0.0,27.0,1.0,2.0,4.4,48.0,1.0,45.0,43.0,6.0,42.0,17.0
75,Lucas Giolito,7450000.0,2571.4285714285716,27.0,11.0,9.0,4.9,30.0,0.0,161.2,171.0,24.0,177.0,61.0
76,Kendall Graveman,8000000.0,171388.88888888888,31.0,3.0,4.0,3.18,65.0,6.0,65.0,65.0,5.0,66.0,26.0
78,Liam Hendriks,13333334.0,1551405.1538461538,33.0,4.0,4.0,2.81,58.0,37.0,57.2,44.0,7.0,85.0,16.0
79,Joe Kelly,7000000.0,160583.33333333334,34.0,1.0,3.0,6.08,43.0,1.0,37.0,36.0,2.0,53.0,23.0
80,Dallas Keuchel,18000000.0,2191638.4615384615,34.0,2.0,9.0,9.2,14.0,0.0,60.2,94.0,11.0,45.0,31.0
81,Michael Kopech,700000.0,0.0,26.0,5.0,9.0,3.54,25.0,0.0,119.1,85.0,15.0,105.0,57.0
82,Jimmy Lambert,700000.0,0.0,27.0,1.0,2.0,3.26,42.0,0.0,47.0,40.0,4.0,45.0,24.0
83,Reynaldo Lopez,2625000.0,3571.4285714285716,28.0,6.0,4.0,2.76,61.0,0.0,65.1,51.0,1.0,63.0,11.0
84,Lance Lynn,700000.0,1126500.0833333333,35.0,8.0,7.0,3.99,21.0,0.0,121.2,120.0,19.0,124.0,19.0
85,Davis Martin,700000.0,0.0,25.0,3.0,6.0,4.83,14.0,0.0,63.1,63.0,8.0,48.0,19.0
86,Jose Ruiz,700000.0,0.0,27.0,1.0,0.0,4.6,63.0,0.0,60.2,53.0,9.0,68.0,33.0
89,Vince Velasquez,3000000.0,387111.1111111111,30.0,3.0,3.0,4.78,27.0,0.0,75.1,68.0,11.0,69.0,25.0
91,Shane Bieber,6000000.0,0.0,27.0,13.0,8.0,2.88,31.0,0.0,200.0,172.0,18.0,198.0,36.0
93,Aaron Civale,700000.0,0.0,27.0,5.0,6.0,4.92,20.0,0.0,97.0,93.0,14.0,98.0,22.0
94,Emmanuel Clase,1900000.0,0.0,24.0,3.0,4.0,1.36,77.0,42.0,72.2,43.0,3.0,77.0,10.0
97,Enyel De Los Santos,700000.0,0.0,26.0,5.0,0.0,3.04,50.0,1.0,53.1,40.0,3.0,61.0,17.0
99,Ian Gibaut,700000.0,0.0,28.0,1.0,2.0,4.5,34.0,1.0,36.0,39.0,3.0,48.0,18.0
101,Sam Hentges,700000.0,0.0,25.0,3.0,2.0,2.32,57.0,1.0,62.0,41.0,3.0,72.0,19.0
102,James Karinchak,700000.0,0.0,26.0,2.0,0.0,2.08,38.0,3.0,39.0,22.0,2.0,62.0,21.0
104,Kirk McCarty,700000.0,0.0,26.0,4.0,3.0,4.54,13.0,0.0,37.2,37.0,11.0,26.0,13.0
105,Triston McKenzie,700000.0,0.0,24.0,11.0,11.0,2.96,31.0,0.0,191.1,138.0,25.0,190.0,44.0
106,Eli Morgan,700000.0,0.0,26.0,5.0,3.0,3.38,50.0,0.0,66.2,46.0,10.0,72.0,13.0
108,Konnor Pilkington,700000.0,0.0,24.0,1.0,2.0,3.88,15.0,0.0,58.0,53.0,6.0,50.0,32.0
109,Zach Plesac,700000.0,0.0,27.0,3.0,12.0,4.31,25.0,0.0,131.2,136.0,19.0,100.0,38.0
110,Cal Quantrill,2510000.0,0.0,27.0,15.0,5.0,3.38,32.0,0.0,186.1,178.0,21.0,128.0,47.0
111,Yohan Ramirez,700000.0,0.0,27.0,4.0,1.0,4.58,30.0,1.0,37.1,32.0,4.0,32.0,20.0
112,Nick Sandlin,700000.0,0.0,25.0,5.0,2.0,2.25,46.0,0.0,44.0,27.0,2.0,41.0,24.0
113,Bryan Shaw,3000000.0,668083.3333333334,34.0,6.0,2.0,5.4,60.0,1.0,58.1,58.0,9.0,52.0,26.0
114,Trevor Stephan,700000.0,0.0,26.0,6.0,5.0,2.69,66.0,3.0,63.2,57.0,3.0,82.0,18.0
117,Tyler Alexander,700000.0,0.0,27.0,4.0,11.0,4.81,27.0,0.0,101.0,108.0,18.0,61.0,25.0
120,Beau Brieske,700000.0,0.0,24.0,3.0,6.0,4.19,15.0,0.0,81.2,73.0,14.0,54.0,25.0
122,Luis Castillo,700000.0,312.5,29.0,8.0,6.0,2.99,25.0,0.0,150.1,118.0,13.0,167.0,45.0
124,Andrew Chafin,6000000.0,655518.1818181818,32.0,2.0,3.0,2.83,64.0,3.0,57.1,48.0,5.0,67.0,19.0
129,Alex Faedo,700000.0,0.0,26.0,1.0,5.0,5.53,12.0,0.0,53.2,63.0,7.0,44.0,25.0
130,Jason Foley,700000.0,0.0,26.0,1.0,0.0,3.88,60.0,0.0,60.1,72.0,2.0,43.0,11.0
131,Michael Fulmer,4950000.0,364014.28571428574,29.0,5.0,6.0,3.39,67.0,3.0,63.2,59.0,4.0,61.0,28.0
133,Rony Garcia,700000.0,0.0,24.0,3.0,3.0,4.41,16.0,0.0,51.0,40.0,9.0,48.0,13.0
134,Garrett Hill,700000.0,0.0,26.0,3.0,3.0,4.03,17.0,0.0,60.1,53.0,8.0,40.0,29.0
135,Drew Hutchison,700000.0,90766.66666666667,31.0,3.0,9.0,4.53,28.0,0.0,105.1,114.0,15.0,68.0,42.0
136,Joe Jimenez,1790000.0,185333.33333333334,27.0,3.0,2.0,3.49,62.0,2.0,56.2,49.0,4.0,77.0,13.0
137,Alex Lange,700000.0,0.0,26.0,7.0,4.0,3.69,71.0,0.0,63.1,48.0,5.0,82.0,31.0
139,Matt Manning,700000.0,0.0,24.0,2.0,3.0,3.43,12.0,0.0,63.0,55.0,6.0,48.0,19.0
141,Daniel Norris,700000.0,247191.66666666666,29.0,2.0,4.0,5.22,41.0,0.0,58.2,45.0,11.0,66.0,29.0
142,Wily Peralta,100000.0,101000.0,33.0,2.0,0.0,2.58,28.0,0.0,38.1,34.0,2.0,32.0,24.0
143,Michael Pineda,5750000.0,1692888.888888889,33.0,2.0,7.0,5.79,11.0,0.0,46.2,58.0,13.0,26.0,8.0
144,Eduardo Rodriguez,14000000.0,2289857.1428571427,29.0,5.0,5.0,4.05,17.0,0.0,91.0,87.0,12.0,72.0,34.0
146,Tarik Skubal,700000.0,0.0,25.0,7.0,8.0,3.52,21.0,0.0,117.2,104.0,9.0,117.0,32.0
147,Gregory Soto,700000.0,0.0,27.0,2.0,11.0,3.28,64.0,30.0,60.1,49.0,2.0,60.0,34.0
148,Will Vest,700000.0,0.0,27.0,3.0,3.0,4.0,59.0,1.0,63.0,62.0,6.0,63.0,22.0
149,Joey Wentz,700000.0,0.0,24.0,2.0,2.0,3.03,7.0,0.0,32.2,23.0,2.0,27.0,13.0
150,Bryan Abreu,700000.0,0.0,25.0,4.0,0.0,1.94,55.0,2.0,60.1,45.0,2.0,88.0,26.0
155,Luis Garcia,700000.0,36538.46153846154,25.0,15.0,8.0,3.72,28.0,0.0,157.1,131.0,23.0,157.0,47.0
156,Luis Garcia,700000.0,36538.46153846154,35.0,4.0,6.0,3.39,64.0,3.0,61.0,57.0,3.0,68.0,17.0
157,Cristian Javier,700000.0,0.0,25.0,11.0,9.0,2.54,30.0,0.0,148.2,89.0,17.0,194.0,52.0
158,Seth Martinez,700000.0,0.0,27.0,1.0,2.0,2.09,29.0,0.0,38.2,26.0,3.0,38.0,14.0
159,Phil Maton,1550000.0,0.0,29.0,0.0,2.0,3.84,67.0,0.0,65.2,58.0,10.0,73.0,24.0
160,Lance McCullers Jr.,15950000.0,2911900.0,28.0,4.0,2.0,2.27,8.0,0.0,47.2,37.0,4.0,50.0,22.0
161,Rafael Montero,2725000.0,-1469444.4444444445,31.0,5.0,2.0,2.37,71.0,14.0,68.1,47.0,3.0,73.0,23.0
163,Hector Neris,8000000.0,498333.3333333333,33.0,6.0,4.0,3.72,70.0,3.0,65.1,49.0,3.0,79.0,17.0
164,Jake Odorizzi,8000000.0,708075.0,32.0,6.0,6.0,4.4,22.0,0.0,106.1,106.0,14.0,86.0,35.0
166,Ryan Pressly,10000000.0,709545.4545454546,33.0,3.0,3.0,2.98,50.0,33.0,48.1,30.0,4.0,65.0,13.0
167,Will Smith,700000.0,961291.6666666666,32.0,0.0,2.0,3.97,65.0,5.0,59.0,58.0,9.0,65.0,25.0
168,Ryne Stanek,2100000.0,0.0,30.0,2.0,1.0,1.15,59.0,1.0,54.2,36.0,2.0,62.0,31.0
170,Jose Urquidy,700000.0,0.0,27.0,13.0,8.0,3.94,29.0,0.0,164.1,154.0,29.0,134.0,38.0
171,Framber Valdez,3000000.0,0.0,28.0,17.0,6.0,2.82,31.0,0.0,201.1,166.0,11.0,194.0,67.0
172,Justin Verlander,25000000.0,3001111.111111111,39.0,18.0,4.0,1.75,28.0,0.0,175.0,116.0,12.0,185.0,29.0
173,Albert Abreu,700000.0,0.0,26.0,2.0,2.0,3.26,33.0,0.0,38.2,35.0,5.0,38.0,22.0
174,Scott Barlow,2400000.0,0.0,29.0,7.0,4.0,2.18,69.0,24.0,74.1,52.0,9.0,77.0,22.0
177,Kris Bubic,700000.0,0.0,24.0,3.0,13.0,5.58,28.0,0.0,129.0,156.0,18.0,110.0,63.0
178,Max Castillo,700000.0,0.0,23.0,0.0,2.0,5.95,14.0,0.0,39.1,38.0,8.0,37.0,15.0
179,Taylor Clarke,975000.0,0.0,29.0,3.0,1.0,4.04,47.0,3.0,49.0,50.0,6.0,48.0,8.0
180,Dylan Coleman,700000.0,0.0,25.0,5.0,2.0,2.78,68.0,0.0,68.0,47.0,5.0,71.0,37.0
181,Jose Cuas,700000.0,0.0,28.0,4.0,2.0,3.58,47.0,1.0,37.2,39.0,2.0,34.0,24.0
183,Amir Garrett,2025000.0,-450833.3333333333,30.0,3.0,1.0,4.96,60.0,0.0,45.1,28.0,0.0,49.0,32.0
184,Zack Greinke,13000000.0,2198750.0,38.0,4.0,9.0,3.68,26.0,0.0,137.0,157.0,14.0,73.0,27.0
187,Carlos Hernandez,700000.0,0.0,25.0,0.0,5.0,7.39,27.0,0.0,56.0,72.0,7.0,35.0,31.0
188,Brad Keller,4825000.0,-124375.0,26.0,6.0,14.0,5.09,35.0,1.0,139.2,153.0,17.0,102.0,57.0
191,Daniel Lynch,700000.0,0.0,25.0,4.0,13.0,5.13,27.0,0.0,131.2,155.0,21.0,122.0,52.0
195,Joel Payamps,700000.0,0.0,28.0,3.0,6.0,3.23,41.0,0.0,55.2,60.0,7.0,41.0,16.0
197,Brady Singer,700000.0,0.0,25.0,10.0,5.0,3.23,27.0,0.0,153.1,140.0,18.0,150.0,35.0
198,Collin Snider,700000.0,0.0,26.0,4.0,2.0,6.55,42.0,0.0,34.1,40.0,3.0,22.0,15.0
200,Josh Staumont,700000.0,0.0,28.0,3.0,3.0,6.45,42.0,3.0,37.2,37.0,3.0,43.0,29.0
203,Luke Weaver,700000.0,3812.5,28.0,1.0,1.0,6.56,26.0,0.0,35.2,52.0,1.0,38.0,13.0
206,Jaime Barria,700000.0,0.0,25.0,3.0,3.0,2.61,35.0,0.0,79.1,63.0,11.0,54.0,19.0
208,Jesse Chavez,700000.0,297047.61904761905,38.0,4.0,3.0,3.76,60.0,0.0,69.1,71.0,8.0,74.0,20.0
209,Tucker Davidson,700000.0,0.0,26.0,2.0,7.0,6.75,12.0,0.0,52.0,54.0,7.0,33.0,35.0
210,Reid Detmers,700000.0,0.0,22.0,7.0,6.0,3.77,25.0,0.0,129.0,110.0,13.0,122.0,46.0
213,Jimmy Herget,700000.0,0.0,28.0,1.0,1.0,2.48,49.0,9.0,69.0,48.0,4.0,63.0,15.0
214,Raisel Iglesias,10000000.0,190476.11111111112,32.0,2.0,6.0,2.47,67.0,17.0,62.0,46.0,5.0,78.0,14.0
216,Michael Lorenzen,7000000.0,489187.5,30.0,8.0,6.0,4.24,18.0,0.0,97.2,81.0,11.0,85.0,44.0
217,Aaron Loup,7500000.0,193191.66666666666,34.0,0.0,5.0,3.84,65.0,1.0,58.2,54.0,4.0,52.0,22.0
219,Mike Mayers,2150000.0,2671.4285714285716,30.0,1.0,1.0,5.68,24.0,0.0,50.2,52.0,15.0,45.0,18.0
222,Shohei Ohtani,5500000.0,-488750.0,27.0,15.0,9.0,2.33,28.0,0.0,166.0,124.0,14.0,219.0,44.0
223,Oliver Ortega,700000.0,0.0,25.0,1.0,3.0,3.71,27.0,1.0,34.0,32.0,5.0,33.0,18.0
225,Jose Quijada,700000.0,0.0,26.0,0.0,5.0,3.98,42.0,3.0,40.2,25.0,5.0,52.0,21.0
228,Patrick Sandoval,700000.0,0.0,25.0,6.0,9.0,2.91,27.0,0.0,148.2,139.0,8.0,151.0,60.0
230,Jose Suarez,700000.0,0.0,24.0,8.0,8.0,3.96,22.0,0.0,109.0,103.0,14.0,103.0,33.0
231,Noah Syndergaard,21000000.0,1145578.125,29.0,10.0,10.0,3.94,25.0,0.0,134.2,138.0,14.0,95.0,31.0
232,Ryan Tepera,7000000.0,-1523577.7777777778,34.0,5.0,4.0,3.61,59.0,6.0,57.1,42.0,7.0,47.0,20.0
236,Andrew Wantz,700000.0,0.0,26.0,2.0,1.0,3.22,42.0,0.0,50.1,37.0,8.0,52.0,21.0
241,Chris Archer,2750000.0,431818.1818181818,33.0,2.0,8.0,4.56,25.0,0.0,102.2,87.0,12.0,84.0,48.0
242,Dylan Bundy,4000000.0,1102500.0,29.0,8.0,8.0,4.89,29.0,0.0,140.0,151.0,24.0,94.0,28.0
244,Jharel Cotton,700000.0,0.0,30.0,4.0,2.0,3.56,30.0,0.0,43.0,34.0,7.0,39.0,20.0
246,Austin Davis,700000.0,0.0,29.0,2.0,1.0,5.79,52.0,0.0,56.0,57.0,5.0,64.0,33.0
247,Tyler Duffey,3800000.0,125000.0,31.0,2.0,4.0,4.91,40.0,2.0,44.0,45.0,8.0,39.0,15.0
248,Jhoan Duran,700000.0,0.0,24.0,2.0,4.0,1.86,57.0,8.0,67.2,50.0,6.0,89.0,16.0
249,Michael Fulmer,700000.0,364014.28571428574,29.0,5.0,6.0,3.39,67.0,3.0,63.2,59.0,4.0,61.0,28.0
252,Sonny Gray,700000.0,601515.1818181818,32.0,8.0,5.0,3.08,24.0,0.0,119.2,99.0,11.0,117.0,36.0
255,Griffin Jax,700000.0,0.0,27.0,7.0,4.0,3.36,65.0,1.0,72.1,56.0,7.0,78.0,20.0
256,Jorge Lopez,700000.0,0.0,29.0,4.0,7.0,2.54,67.0,23.0,71.0,53.0,4.0,72.0,31.0
257,Tyler Mahle,700000.0,3571.4285714285716,27.0,6.0,8.0,4.4,23.0,0.0,120.2,104.0,16.0,126.0,43.0
258,Trevor Megill,100000.0,0.0,28.0,4.0,3.0,4.8,39.0,0.0,45.0,50.0,4.0,49.0,17.0
260,Jovani Moran,700000.0,0.0,25.0,0.0,1.0,2.21,31.0,1.0,40.2,25.0,0.0,54.0,18.0
261,Bailey Ober,700000.0,0.0,26.0,2.0,3.0,3.21,11.0,0.0,56.0,48.0,4.0,51.0,11.0
263,Emilio Pagan,700000.0,0.0,31.0,4.0,6.0,4.43,59.0,9.0,63.0,60.0,12.0,84.0,26.0
267,Joe Ryan,700000.0,0.0,26.0,13.0,8.0,3.55,27.0,0.0,147.0,115.0,20.0,151.0,47.0
268,Aaron Sanchez,700000.0,177840.0,29.0,3.0,4.0,6.6,15.0,0.0,60.0,78.0,8.0,41.0,15.0
269,Cole Sands,700000.0,0.0,24.0,0.0,3.0,5.87,11.0,1.0,30.2,35.0,4.0,28.0,13.0
270,Devin Smeltzer,700000.0,0.0,26.0,5.0,2.0,3.71,15.0,0.0,70.1,67.0,13.0,40.0,19.0
273,Caleb Thielbar,1300000.0,0.0,35.0,4.0,3.0,3.49,67.0,1.0,59.1,51.0,5.0,80.0,18.0
276,Josh Winder,700000.0,0.0,25.0,4.0,6.0,4.7,15.0,0.0,67.0,69.0,11.0,47.0,18.0
278,Albert Abreu,700000.0,0.0,26.0,2.0,2.0,3.26,33.0,0.0,38.2,35.0,5.0,38.0,22.0
280,Manny Banuelos,700000.0,0.0,31.0,2.0,1.0,4.39,35.0,1.0,41.0,32.0,2.0,42.0,21.0
285,Aroldis Chapman,16000000.0,651785.7142857143,34.0,4.0,4.0,4.46,43.0,9.0,36.1,24.0,4.0,43.0,28.0
286,Gerrit Cole,36000000.0,5548750.0,31.0,13.0,8.0,3.5,33.0,0.0,200.2,154.0,33.0,257.0,50.0
287,Nestor Cortes,700000.0,0.0,27.0,12.0,4.0,2.44,28.0,0.0,158.1,108.0,16.0,163.0,38.0
288,Scott Effross,700000.0,0.0,28.0,1.0,4.0,2.54,60.0,4.0,56.2,45.0,3.0,62.0,15.0
289,Domingo German,1750000.0,0.0,29.0,2.0,5.0,3.61,15.0,0.0,72.1,65.0,11.0,58.0,19.0
295,Clay Holmes,1100000.0,0.0,29.0,7.0,4.0,2.54,62.0,20.0,63.2,45.0,2.0,65.0,20.0
296,Michael King,700000.0,0.0,27.0,6.0,3.0,2.29,34.0,1.0,51.0,35.0,3.0,66.0,16.0
297,Jonathan Loaisiga,1650000.0,3110.0,27.0,2.0,3.0,4.13,50.0,2.0,48.0,43.0,3.0,37.0,19.0
298,Lucas Luetge,905000.0,-121950.0,35.0,4.0,4.0,2.67,50.0,2.0,57.1,63.0,4.0,60.0,17.0
299,Ron Marinaccio,700000.0,0.0,26.0,1.0,0.0,2.05,40.0,0.0,44.0,22.0,2.0,56.0,24.0
301,Frankie Montas,700000.0,0.0,29.0,5.0,12.0,4.05,27.0,0.0,144.1,137.0,18.0,142.0,43.0
302,Jordan Montgomery,6000000.0,-17142.85714285714,29.0,9.0,6.0,3.48,32.0,0.0,178.1,159.0,21.0,158.0,36.0
303,Wandy Peralta,2150000.0,-423888.8888888889,30.0,3.0,4.0,2.72,56.0,4.0,56.1,42.0,2.0,47.0,17.0
304,Clarke Schmidt,700000.0,0.0,26.0,5.0,5.0,3.12,29.0,2.0,57.2,46.0,5.0,56.0,23.0
305,JP Sears,700000.0,0.0,26.0,6.0,3.0,3.86,17.0,0.0,70.0,67.0,8.0,51.0,23.0
306,Luis Severino,11500000.0,1461242.857142857,28.0,7.0,3.0,3.18,19.0,0.0,102.0,72.0,14.0,112.0,30.0
307,Jameson Taillon,5800000.0,-950000.0,30.0,14.0,5.0,3.91,32.0,0.0,177.1,168.0,26.0,151.0,32.0
308,Lou Trivino,700000.0,0.0,30.0,2.0,8.0,4.53,64.0,11.0,53.2,64.0,6.0,67.0,24.0
311,Domingo Acevedo,700000.0,0.0,28.0,4.0,4.0,3.33,70.0,4.0,67.2,50.0,9.0,58.0,17.0
313,Paul Blackburn,700000.0,0.0,28.0,7.0,6.0,4.28,21.0,0.0,111.1,110.0,15.0,89.0,30.0
317,Cole Irvin,700000.0,0.0,28.0,9.0,13.0,3.98,30.0,0.0,181.0,174.0,25.0,128.0,36.0
318,Zach Jackson,700000.0,0.0,27.0,2.0,3.0,3.0,54.0,3.0,48.0,28.0,1.0,67.0,33.0
319,Daulton Jefferies,700000.0,0.0,26.0,1.0,7.0,5.72,8.0,0.0,39.1,46.0,4.0,28.0,8.0
320,Dany Jimenez,700000.0,0.0,28.0,3.0,4.0,3.41,34.0,11.0,34.1,23.0,2.0,34.0,18.0
321,James Kaprielian,700000.0,0.0,28.0,5.0,9.0,4.23,26.0,0.0,134.0,121.0,16.0,98.0,58.0
322,Jared Koenig,700000.0,0.0,28.0,1.0,3.0,5.72,10.0,0.0,39.1,40.0,4.0,22.0,15.0
325,Zach Logue,700000.0,0.0,26.0,3.0,8.0,6.79,14.0,0.0,57.0,68.0,13.0,42.0,20.0
327,Adrian Martinez,700000.0,0.0,25.0,4.0,6.0,6.24,12.0,0.0,57.2,69.0,13.0,53.0,19.0
329,Sam Moll,700000.0,0.0,30.0,2.0,1.0,2.91,53.0,0.0,43.1,33.0,5.0,46.0,22.0
330,Frankie Montas,5025000.0,0.0,29.0,5.0,12.0,4.05,27.0,0.0,144.1,137.0,18.0,142.0,43.0
332,Adam Oller,700000.0,0.0,27.0,2.0,8.0,6.3,19.0,0.0,74.1,82.0,17.0,46.0,39.0
333,Joel Payamps,700000.0,0.0,28.0,3.0,6.0,3.23,41.0,0.0,55.2,60.0,7.0,41.0,16.0
335,Austin Pruitt,700000.0,0.0,32.0,0.0,1.0,4.23,39.0,1.0,55.1,48.0,11.0,38.0,9.0
336,A.J. Puk,700000.0,0.0,27.0,4.0,3.0,3.12,62.0,4.0,66.1,53.0,7.0,76.0,23.0
338,JP Sears,700000.0,0.0,26.0,6.0,3.0,3.86,17.0,0.0,70.0,67.0,8.0,51.0,23.0
340,Kirby Snead,700000.0,0.0,27.0,1.0,1.0,5.84,46.0,1.0,44.2,56.0,5.0,35.0,22.0
342,Lou Trivino,3000000.0,0.0,30.0,2.0,8.0,4.53,64.0,11.0,53.2,64.0,6.0,67.0,24.0
343,Ken Waldichuk,700000.0,0.0,24.0,2.0,2.0,4.93,7.0,0.0,34.2,32.0,5.0,33.0,10.0
348,Matt Brash,700000.0,0.0,24.0,4.0,4.0,4.44,39.0,0.0,50.2,46.0,3.0,62.0,33.0
349,Diego Castillo,2150000.0,0.0,28.0,7.0,3.0,3.64,59.0,7.0,54.1,40.0,5.0,53.0,22.0
350,Luis Castillo,700000.0,312.5,29.0,8.0,6.0,2.99,25.0,0.0,150.1,118.0,13.0,167.0,45.0
352,Matthew Festa,700000.0,0.0,29.0,2.0,0.0,4.17,53.0,2.0,54.0,43.0,10.0,64.0,18.0
353,Chris Flexen,3050000.0,0.0,27.0,8.0,9.0,3.73,33.0,2.0,137.2,132.0,17.0,95.0,51.0
354,Logan Gilbert,700000.0,0.0,25.0,13.0,6.0,3.2,32.0,0.0,185.2,170.0,19.0,174.0,49.0
356,Marco Gonzales,5750000.0,538888.8888888889,30.0,10.0,15.0,4.13,32.0,0.0,183.0,194.0,30.0,103.0,50.0
357,George Kirby,700000.0,0.0,24.0,8.0,5.0,3.39,25.0,0.0,130.0,135.0,13.0,133.0,22.0
362,Andres Munoz,700000.0,0.0,23.0,2.0,5.0,2.49,64.0,4.0,65.0,43.0,5.0,96.0,15.0
363,Penn Murfee,700000.0,0.0,28.0,4.0,0.0,2.99,64.0,0.0,69.1,48.0,7.0,76.0,18.0
365,Yohan Ramirez,700000.0,0.0,27.0,4.0,1.0,4.58,30.0,1.0,37.1,32.0,4.0,32.0,20.0
366,Robbie Ray,21000000.0,890900.0,30.0,12.0,12.0,3.71,32.0,0.0,189.0,163.0,32.0,212.0,62.0
368,Paul Sewald,1735000.0,-44166.666666666664,32.0,5.0,4.0,2.67,65.0,20.0,64.0,32.0,10.0,72.0,17.0
371,Erik Swanson,700000.0,0.0,28.0,3.0,2.0,1.68,57.0,3.0,53.2,39.0,3.0,70.0,10.0
374,Jason Adam,900000.0,0.0,30.0,2.0,3.0,1.56,67.0,8.0,63.1,31.0,5.0,75.0,17.0
375,Shawn Armstrong,700000.0,-281818.1818181818,31.0,2.0,3.0,4.38,50.0,2.0,61.2,66.0,7.0,66.0,17.0
378,Jalen Beeks,750000.0,0.0,28.0,2.0,3.0,2.8,42.0,2.0,61.0,49.0,7.0,70.0,22.0
389,Josh Fleming,700000.0,0.0,26.0,2.0,5.0,6.43,10.0,0.0,35.0,54.0,5.0,29.0,12.0
390,Ralph Garza,700000.0,0.0,28.0,2.0,2.0,3.34,19.0,0.0,35.0,38.0,4.0,17.0,16.0
395,Corey Kluber,8000000.0,1888183.3333333333,36.0,10.0,10.0,4.34,31.0,0.0,164.0,178.0,20.0,139.0,21.0
398,Shane McClanahan,700000.0,0.0,25.0,12.0,8.0,2.54,28.0,0.0,166.1,116.0,19.0,194.0,38.0
404,Colin Poche,700000.0,0.0,28.0,4.0,2.0,3.99,65.0,7.0,58.2,46.0,11.0,64.0,22.0
405,Brooks Raley,4250000.0,0.0,34.0,1.0,2.0,2.68,60.0,6.0,53.2,37.0,3.0,61.0,15.0
406,Drew Rasmussen,700000.0,0.0,26.0,11.0,7.0,2.84,28.0,0.0,146.0,121.0,13.0,125.0,31.0
409,Jeffrey Springs,948000.0,0.0,29.0,9.0,5.0,2.46,33.0,0.0,135.1,114.0,14.0,144.0,31.0
410,Ryan Thompson,700000.0,0.0,30.0,3.0,3.0,3.8,47.0,3.0,42.2,39.0,4.0,39.0,11.0
411,Matt Wisler,2160000.0,38636.36363636364,29.0,3.0,3.0,2.25,39.0,1.0,44.0,30.0,6.0,35.0,14.0
413,Ryan Yarbrough,3850000.0,3680.0,30.0,3.0,8.0,4.5,20.0,0.0,80.0,88.0,12.0,61.0,22.0
414,Albert Abreu,700000.0,0.0,26.0,2.0,2.0,3.26,33.0,0.0,38.2,35.0,5.0,38.0,22.0
418,Joe Barlow,700000.0,0.0,26.0,3.0,1.0,3.86,35.0,13.0,35.0,27.0,5.0,28.0,13.0
419,Brock Burke,700000.0,0.0,25.0,7.0,5.0,1.97,52.0,0.0,82.1,63.0,9.0,90.0,24.0
420,Matt Bush,700000.0,1838.3333333333333,36.0,2.0,3.0,3.47,65.0,3.0,59.2,43.0,11.0,74.0,18.0
422,Dane Dunning,700000.0,0.0,27.0,4.0,8.0,4.46,29.0,0.0,153.1,158.0,20.0,137.0,62.0
423,Jon Gray,15000000.0,686312.5,30.0,7.0,7.0,3.96,24.0,0.0,127.1,105.0,17.0,134.0,39.0
424,Taylor Hearn,1050000.0,-3487500.0,27.0,6.0,8.0,5.13,31.0,1.0,100.0,107.0,11.0,97.0,43.0
425,Jonathan Hernandez,700000.0,0.0,25.0,2.0,3.0,2.97,29.0,4.0,30.1,26.0,2.0,27.0,17.0
427,Spencer Howard,700000.0,0.0,25.0,2.0,4.0,7.41,10.0,0.0,37.2,50.0,12.0,32.0,15.0
428,Dallas Keuchel,700000.0,2191638.4615384615,34.0,2.0,9.0,9.2,14.0,0.0,60.2,94.0,11.0,45.0,31.0
429,John King,700000.0,0.0,27.0,1.0,4.0,4.03,39.0,0.0,51.1,61.0,5.0,30.0,14.0
430,Jose Leclerc,5250000.0,208333.33333333334,28.0,0.0,3.0,2.83,39.0,7.0,47.2,33.0,5.0,54.0,21.0
431,Brett Martin,1025000.0,-1056250.0,27.0,1.0,7.0,4.14,55.0,3.0,50.0,50.0,4.0,40.0,18.0
433,Matt Moore,100000.0,-41666.666666666664,33.0,5.0,2.0,1.95,63.0,5.0,74.0,49.0,3.0,83.0,38.0
434,Glenn Otto,700000.0,0.0,26.0,7.0,10.0,4.64,27.0,0.0,135.2,119.0,21.0,107.0,62.0
436,Martin Perez,4000000.0,364363.63636363635,31.0,12.0,8.0,2.89,32.0,0.0,196.1,178.0,11.0,169.0,69.0
437,Cole Ragans,700000.0,0.0,24.0,0.0,3.0,4.95,9.0,0.0,40.0,43.0,6.0,27.0,16.0
438,Garrett Richards,4500000.0,667083.3333333334,34.0,1.0,1.0,5.27,32.0,1.0,42.2,44.0,3.0,36.0,13.0
440,Dennis Santana,700000.0,0.0,26.0,3.0,8.0,5.22,63.0,1.0,58.2,50.0,2.0,54.0,28.0
446,Anthony Bass,700000.0,-21691.666666666668,34.0,4.0,3.0,1.54,73.0,0.0,70.1,51.0,6.0,73.0,20.0
448,Jose Berrios,10714286.0,691250.0,28.0,12.0,7.0,5.23,32.0,0.0,172.0,199.0,29.0,149.0,45.0
450,Max Castillo,700000.0,0.0,23.0,0.0,2.0,5.95,14.0,0.0,39.1,38.0,8.0,37.0,15.0
451,Adam Cimber,1575000.0,0.0,31.0,10.0,6.0,2.8,77.0,4.0,70.2,66.0,6.0,58.0,13.0
454,Yimi Garcia,4500000.0,22222.222222222223,31.0,4.0,5.0,3.1,61.0,1.0,61.0,48.0,6.0,58.0,16.0
455,Kevin Gausman,21000000.0,2758125.0,31.0,12.0,10.0,3.35,31.0,0.0,174.2,188.0,15.0,205.0,28.0
459,Yusei Kikuchi,16000000.0,1750000.0,31.0,6.0,7.0,5.19,32.0,1.0,100.2,93.0,23.0,124.0,58.0
461,Alek Manoah,700000.0,0.0,24.0,16.0,7.0,2.24,31.0,0.0,196.2,144.0,16.0,180.0,51.0
462,Tim Mayza,1250000.0,0.0,30.0,8.0,1.0,3.14,63.0,2.0,48.2,42.0,7.0,44.0,12.0
465,David Phelps,700000.0,218275.0,35.0,0.0,2.0,2.83,65.0,1.0,63.2,52.0,2.0,64.0,31.0
466,Zach Pop,700000.0,0.0,25.0,4.0,0.0,2.77,35.0,0.0,39.0,41.0,2.0,25.0,4.0
467,Trevor Richards,1000000.0,0.0,29.0,3.0,2.0,5.34,62.0,0.0,64.0,57.0,9.0,82.0,35.0
468,Jordan Romano,700000.0,0.0,29.0,5.0,4.0,2.11,63.0,36.0,64.0,44.0,4.0,73.0,21.0
472,Ross Stripling,3790000.0,195000.0,32.0,10.0,4.0,3.01,32.0,1.0,134.1,117.0,12.0,111.0,20.0
473,Trent Thornton,850000.0,-996250.0,28.0,0.0,2.0,4.11,32.0,0.0,46.0,40.0,7.0,37.0,17.0
475,Mitch White,700000.0,0.0,27.0,1.0,7.0,5.45,25.0,0.0,99.0,110.0,9.0,78.0,35.0
476,Madison Bumgarner,23000000.0,1325000.0,32.0,7.0,15.0,4.88,30.0,0.0,158.2,179.0,25.0,112.0,49.0
477,Humberto Castellanos,700000.0,0.0,24.0,3.0,2.0,5.68,11.0,0.0,44.1,50.0,7.0,32.0,12.0
478,Zach Davies,1500000.0,1010475.0,29.0,2.0,5.0,4.09,27.0,0.0,134.1,122.0,21.0,102.0,52.0
482,Zac Gallen,700000.0,0.0,26.0,12.0,4.0,2.54,31.0,0.0,184.0,121.0,15.0,192.0,47.0
483,Tyler Gilbert,700000.0,0.0,28.0,0.0,3.0,5.24,8.0,0.0,34.1,33.0,8.0,20.0,10.0
486,Tommy Henry,700000.0,0.0,24.0,3.0,4.0,5.36,9.0,0.0,47.0,47.0,10.0,36.0,21.0
490,Merrill Kelly,5250000.0,-664583.5,33.0,13.0,8.0,3.37,33.0,0.0,200.1,167.0,21.0,177.0,61.0
491,Ian Kennedy,4750000.0,658901.3888888889,37.0,4.0,7.0,5.36,57.0,10.0,50.1,57.0,11.0,44.0,22.0
492,Dallas Keuchel,700000.0,2191638.4615384615,34.0,2.0,9.0,9.2,14.0,0.0,60.2,94.0,11.0,45.0,31.0
493,Joe Mantiply,700000.0,0.0,31.0,2.0,5.0,2.85,69.0,2.0,60.0,59.0,6.0,61.0,6.0
495,Mark Melancon,6000000.0,901705.8823529412,37.0,3.0,10.0,4.66,62.0,18.0,56.0,63.0,5.0,35.0,21.0
497,Reyes Moronta,700000.0,24916.666666666668,29.0,2.0,2.0,4.3,39.0,2.0,37.2,30.0,5.0,38.0,18.0
498,Kyle Nelson,700000.0,0.0,25.0,2.0,1.0,2.19,43.0,0.0,37.0,26.0,1.0,30.0,14.0
503,Noe Ramirez,1250000.0,35150.0,32.0,5.0,4.0,5.22,55.0,0.0,50.0,45.0,9.0,51.0,26.0
504,Caleb Smith,2000000.0,30928.571428571428,30.0,1.0,3.0,4.11,44.0,0.0,70.0,57.0,14.0,65.0,39.0
506,Luke Weaver,2875000.0,3812.5,28.0,1.0,1.0,6.56,26.0,0.0,35.2,52.0,1.0,38.0,13.0
509,Ian Anderson,700000.0,0.0,24.0,10.0,6.0,5.0,22.0,0.0,111.2,115.0,12.0,97.0,54.0
512,Jesse Chavez,700000.0,297047.61904761905,38.0,4.0,3.0,3.76,60.0,0.0,69.1,71.0,8.0,74.0,20.0
514,Tucker Davidson,700000.0,0.0,26.0,2.0,7.0,6.75,12.0,0.0,52.0,54.0,7.0,33.0,35.0
515,Bryce Elder,700000.0,0.0,23.0,2.0,4.0,3.17,10.0,0.0,54.0,44.0,4.0,47.0,23.0
517,Max Fried,6850000.0,0.0,28.0,14.0,7.0,2.48,30.0,0.0,185.1,156.0,12.0,170.0,32.0
518,Raisel Iglesias,700000.0,190476.11111111112,32.0,2.0,6.0,2.47,67.0,17.0,62.0,46.0,5.0,78.0,14.0
520,Kenley Jansen,16000000.0,1506461.5384615385,34.0,5.0,2.0,3.38,65.0,41.0,64.0,45.0,8.0,85.0,22.0
521,Dylan Lee,700000.0,0.0,27.0,5.0,1.0,2.13,46.0,0.0,50.2,40.0,5.0,59.0,10.0
522,Tyler Matzek,1400000.0,0.0,31.0,4.0,2.0,3.5,42.0,1.0,43.2,26.0,3.0,36.0,29.0
523,Collin McHugh,4000000.0,716700.0,35.0,3.0,2.0,2.6,58.0,0.0,69.1,51.0,5.0,75.0,14.0
524,A.J. Minter,2200000.0,-296666.6666666667,28.0,5.0,4.0,2.06,75.0,5.0,70.0,49.0,5.0,94.0,15.0
525,Charlie Morton,20000000.0,2158500.0,38.0,9.0,6.0,4.34,31.0,0.0,172.0,149.0,28.0,205.0,63.0
529,Jake Odorizzi,700000.0,708075.0,32.0,6.0,6.0,4.4,22.0,0.0,106.1,106.0,14.0,86.0,35.0
530,Will Smith,13000000.0,961291.6666666666,32.0,0.0,2.0,3.97,65.0,5.0,59.0,58.0,9.0,65.0,25.0
531,Jackson Stephens,700000.0,0.0,28.0,3.0,3.0,3.69,39.0,2.0,53.2,49.0,3.0,47.0,23.0
532,Spencer Strider,700000.0,0.0,23.0,11.0,5.0,2.67,31.0,0.0,131.2,86.0,7.0,202.0,45.0
536,Kyle Wright,700000.0,0.0,26.0,21.0,5.0,3.19,30.0,0.0,180.1,156.0,19.0,174.0,53.0
541,Javier Assad,700000.0,0.0,24.0,2.0,2.0,3.11,9.0,0.0,37.2,35.0,4.0,30.0,20.0
544,Jesse Chavez,700000.0,297047.61904761905,38.0,4.0,3.0,3.76,60.0,0.0,69.1,71.0,8.0,74.0,20.0
546,Scott Effross,700000.0,0.0,28.0,1.0,4.0,2.54,60.0,4.0,56.2,45.0,3.0,62.0,15.0
550,Mychal Givens,3500000.0,243545.45454545456,32.0,7.0,3.0,3.38,59.0,2.0,61.1,56.0,8.0,71.0,25.0
552,Kyle Hendricks,14000000.0,3043333.3333333335,32.0,4.0,6.0,4.8,16.0,0.0,84.1,85.0,15.0,66.0,24.0
553,Brandon Hughes,700000.0,0.0,26.0,2.0,3.0,3.12,57.0,8.0,57.2,42.0,11.0,68.0,21.0
557,Chris Martin,2500000.0,665441.6666666666,36.0,4.0,1.0,3.05,60.0,2.0,56.0,50.0,6.0,74.0,5.0
559,Wade Miley,10000000.0,706615.3846153846,35.0,2.0,2.0,3.16,9.0,0.0,37.0,31.0,3.0,28.0,14.0
562,Daniel Norris,1750000.0,247191.66666666666,29.0,2.0,4.0,5.22,41.0,0.0,58.2,45.0,11.0,66.0,29.0
565,David Robertson,3500000.0,537073.4375,37.0,4.0,3.0,2.4,58.0,20.0,63.2,39.0,6.0,81.0,35.0
568,Michael Rucker,700000.0,0.0,28.0,3.0,1.0,3.95,41.0,0.0,54.2,50.0,8.0,50.0,20.0
569,Adrian Sampson,100000.0,0.0,30.0,4.0,5.0,3.11,21.0,0.0,104.1,101.0,10.0,73.0,27.0
572,Drew Smyly,4250000.0,488363.63636363635,33.0,7.0,8.0,3.47,22.0,0.0,106.1,101.0,16.0,91.0,26.0
573,Justin Steele,700000.0,0.0,26.0,4.0,7.0,3.18,24.0,0.0,119.0,111.0,8.0,126.0,50.0
576,Marcus Stroman,25000000.0,1942811.111111111,31.0,6.0,7.0,3.5,25.0,0.0,138.2,123.0,16.0,119.0,36.0
577,Matt Swarmer,700000.0,0.0,28.0,2.0,3.0,5.03,11.0,0.0,34.0,33.0,12.0,36.0,20.0
578,Keegan Thompson,700000.0,0.0,27.0,10.0,5.0,3.76,29.0,1.0,115.0,103.0,16.0,108.0,43.0
580,Hayden Wesneski,700000.0,0.0,24.0,3.0,2.0,2.18,6.0,0.0,33.0,24.0,3.0,33.0,7.0
581,Rowan Wick,700000.0,0.0,29.0,4.0,7.0,4.22,64.0,9.0,64.0,79.0,9.0,69.0,29.0
583,Graham Ashcraft,700000.0,0.0,24.0,5.0,6.0,4.89,19.0,0.0,105.0,119.0,11.0,71.0,30.0
584,Luis Castillo,7350000.0,312.5,29.0,8.0,6.0,2.99,25.0,0.0,150.1,118.0,13.0,167.0,45.0
585,Luis Cessa,1800000.0,-654246.875,30.0,4.0,4.0,4.57,46.0,0.0,80.2,76.0,14.0,59.0,28.0
588,Alexis Diaz,700000.0,0.0,25.0,7.0,3.0,1.84,59.0,10.0,63.2,28.0,5.0,83.0,33.0
593,Justin Dunn,700000.0,0.0,26.0,1.0,3.0,6.1,7.0,0.0,31.0,32.0,11.0,21.0,17.0
595,Buck Farmer,700000.0,143911.11111111112,31.0,2.0,2.0,3.83,44.0,2.0,47.0,36.0,2.0,54.0,25.0
597,Ian Gibaut,700000.0,0.0,28.0,1.0,2.0,4.5,34.0,1.0,36.0,39.0,3.0,48.0,18.0
598,Hunter Greene,700000.0,0.0,22.0,5.0,13.0,4.44,24.0,0.0,125.2,104.0,24.0,164.0,48.0
601,Jeff Hoffman,925000.0,0.0,29.0,2.0,0.0,3.83,35.0,0.0,44.2,40.0,5.0,45.0,23.0
602,Joel Kuhnel,700000.0,0.0,27.0,2.0,3.0,6.36,53.0,1.0,58.0,67.0,8.0,56.0,14.0
604,Nick Lodolo,700000.0,0.0,24.0,4.0,7.0,3.66,19.0,0.0,103.1,90.0,13.0,131.0,39.0
606,Tyler Mahle,5200000.0,3571.4285714285716,27.0,6.0,8.0,4.4,23.0,0.0,120.2,104.0,16.0,126.0,43.0
607,Mike Minor,700000.0,543125.0,34.0,4.0,12.0,6.06,19.0,0.0,98.0,120.0,24.0,76.0,40.0
608,Dauri Moreta,700000.0,0.0,26.0,0.0,2.0,5.4,35.0,1.0,38.1,32.0,10.0,39.0,13.0
609,Connor Overton,700000.0,0.0,28.0,1.0,0.0,2.73,6.0,0.0,33.0,21.0,1.0,14.0,11.0
611,Reiver Sanmartin,700000.0,0.0,26.0,4.0,4.0,6.32,45.0,0.0,57.0,66.0,8.0,47.0,29.0
616,Hunter Strickland,1825000.0,65208.333333333336,33.0,3.0,3.0,4.91,66.0,7.0,62.1,61.0,8.0,60.0,33.0
617,Art Warren,700000.0,0.0,29.0,2.0,3.0,6.5,39.0,3.0,36.0,37.0,6.0,40.0,22.0
620,Daniel Bard,4400000.0,132987.5,37.0,6.0,4.0,1.79,57.0,34.0,60.1,35.0,3.0,69.0,25.0
621,Jake Bird,700000.0,0.0,26.0,2.0,4.0,4.91,38.0,0.0,47.2,45.0,7.0,42.0,23.0
622,Ty Blach,700000.0,4750.0,31.0,1.0,0.0,5.89,24.0,1.0,44.1,51.0,4.0,29.0,11.0
623,Jhoulys Chacin,1250000.0,714437.5,34.0,4.0,2.0,7.61,35.0,0.0,47.1,55.0,7.0,37.0,21.0
624,Alex Colome,4100000.0,235190.9090909091,33.0,2.0,7.0,5.74,53.0,4.0,47.0,57.0,5.0,32.0,22.0
626,Carlos Estevez,3025000.0,61666.666666666664,29.0,4.0,4.0,3.47,62.0,2.0,57.0,44.0,7.0,54.0,23.0
627,Ryan Feltner,700000.0,0.0,25.0,4.0,9.0,5.83,20.0,0.0,97.1,102.0,16.0,84.0,35.0
628,Kyle Freeland,7000000.0,745000.0,29.0,9.0,11.0,4.53,31.0,0.0,174.2,193.0,19.0,131.0,53.0
629,Lucas Gilbreath,700000.0,0.0,26.0,2.0,0.0,4.19,47.0,0.0,43.0,37.0,2.0,49.0,26.0
630,Austin Gomber,700000.0,0.0,28.0,5.0,7.0,5.56,33.0,0.0,124.2,137.0,20.0,95.0,34.0
635,Chad Kuhl,3000000.0,592500.0,29.0,6.0,11.0,5.72,27.0,0.0,137.0,155.0,25.0,110.0,58.0
636,Dinelson Lamet,700000.0,605550.0,29.0,1.0,2.0,6.12,32.0,0.0,32.1,30.0,4.0,45.0,19.0
637,Justin Lawrence,700000.0,0.0,27.0,3.0,1.0,5.7,38.0,1.0,42.2,44.0,3.0,48.0,22.0
638,German Marquez,11300000.0,1037571.4285714285,27.0,9.0,13.0,5.0,31.0,0.0,181.2,185.0,30.0,150.0,63.0
639,Antonio Senzatela,7250000.0,-670833.3333333334,27.0,3.0,7.0,5.07,19.0,0.0,92.1,133.0,9.0,54.0,23.0
643,Robert Stephenson,1280000.0,0.0,29.0,2.0,2.0,5.43,58.0,0.0,58.0,63.0,10.0,55.0,14.0
644,Jose Urena,700000.0,5555.555555555556,30.0,3.0,8.0,5.01,21.0,0.0,97.0,109.0,11.0,63.0,43.0
646,Yency Almonte,700000.0,0.0,28.0,0.0,0.0,1.02,33.0,1.0,35.1,18.0,2.0,33.0,10.0
647,Tyler Anderson,8000000.0,245000.0,32.0,15.0,5.0,2.57,30.0,0.0,178.2,145.0,14.0,138.0,34.0
648,Phil Bickford,700000.0,0.0,26.0,2.0,1.0,4.72,60.0,0.0,61.0,53.0,12.0,67.0,14.0
650,Walker Buehler,4250000.0,0.0,27.0,6.0,3.0,4.02,12.0,0.0,65.0,67.0,8.0,58.0,17.0
653,Caleb Ferguson,762000.0,0.0,25.0,1.0,0.0,1.82,37.0,0.0,34.2,23.0,1.0,37.0,17.0
654,Tony Gonsolin,700000.0,0.0,28.0,16.0,1.0,2.14,24.0,0.0,130.1,79.0,11.0,119.0,35.0
655,Brusdar Graterol,700000.0,0.0,23.0,2.0,4.0,3.26,46.0,4.0,49.2,39.0,3.0,43.0,10.0
658,Andrew Heaney,8500000.0,623500.0,31.0,4.0,4.0,3.1,16.0,0.0,72.2,60.0,14.0,110.0,19.0
663,Clayton Kershaw,17000000.0,2943066.6666666665,34.0,12.0,3.0,2.28,22.0,0.0,126.1,96.0,10.0,137.0,23.0
664,Craig Kimbrel,700000.0,1112928.5714285714,34.0,6.0,7.0,3.75,63.0,22.0,60.0,51.0,4.0,72.0,28.0
665,Chris Martin,700000.0,665441.6666666666,36.0,4.0,1.0,3.05,60.0,2.0,56.0,50.0,6.0,74.0,5.0
666,Dustin May,700000.0,0.0,24.0,2.0,3.0,4.5,6.0,0.0,30.0,21.0,3.0,29.0,14.0
667,Reyes Moronta,700000.0,24916.666666666668,29.0,2.0,2.0,4.3,39.0,2.0,37.2,30.0,5.0,38.0,18.0
668,Ryan Pepiot,700000.0,0.0,24.0,3.0,0.0,3.47,9.0,0.0,36.1,26.0,6.0,42.0,27.0
669,Evan Phillips,700000.0,0.0,27.0,7.0,3.0,1.14,64.0,2.0,63.0,33.0,2.0,77.0,15.0
670,David Price,32000000.0,1075781.25,36.0,2.0,0.0,2.45,40.0,2.0,40.1,38.0,6.0,37.0,9.0
673,Julio Urias,8000000.0,435714.28571428574,25.0,17.0,7.0,2.16,31.0,0.0,175.0,127.0,23.0,166.0,41.0
674,Alex Vesia,700000.0,0.0,26.0,5.0,0.0,2.15,63.0,1.0,54.1,37.0,2.0,79.0,24.0
675,Mitch White,700000.0,0.0,27.0,1.0,7.0,5.45,25.0,0.0,99.0,110.0,9.0,78.0,35.0
676,Sandy Alcantara,3800000.0,0.0,26.0,14.0,9.0,2.28,32.0,0.0,228.2,174.0,16.0,207.0,50.0
677,Shawn Armstrong,700000.0,-281818.1818181818,31.0,2.0,3.0,4.38,50.0,2.0,61.2,66.0,7.0,66.0,17.0
679,Anthony Bass,3000000.0,-21691.666666666668,34.0,4.0,3.0,1.54,73.0,0.0,70.1,51.0,6.0,73.0,20.0
681,Richard Bleier,2250000.0,44875.0,35.0,2.0,2.0,3.55,55.0,1.0,50.2,63.0,3.0,32.0,10.0
682,Huascar Brazoban,700000.0,0.0,32.0,1.0,1.0,3.09,27.0,0.0,32.0,26.0,3.0,40.0,21.0
684,Edward Cabrera,700000.0,0.0,24.0,6.0,4.0,3.01,14.0,0.0,71.2,44.0,10.0,75.0,33.0
685,Daniel Castano,700000.0,0.0,27.0,1.0,3.0,4.04,10.0,0.0,35.2,42.0,5.0,20.0,9.0
687,Dylan Floro,3000000.0,0.0,31.0,1.0,3.0,3.02,56.0,10.0,53.2,48.0,4.0,48.0,15.0
688,Braxton Garrett,700000.0,0.0,24.0,3.0,7.0,3.58,17.0,0.0,88.0,86.0,9.0,90.0,24.0
690,Elieser Hernandez,1325000.0,0.0,27.0,3.0,6.0,6.35,20.0,0.0,62.1,67.0,19.0,60.0,22.0
694,Pablo Lopez,2450000.0,0.0,26.0,10.0,10.0,3.75,32.0,0.0,180.0,157.0,21.0,174.0,53.0
695,Jesus Luzardo,700000.0,0.0,24.0,4.0,7.0,3.32,18.0,0.0,100.1,69.0,10.0,120.0,35.0
697,Tommy Nance,700000.0,0.0,31.0,2.0,3.0,4.33,35.0,0.0,43.2,45.0,5.0,57.0,21.0
700,Steven Okert,700000.0,0.0,30.0,5.0,5.0,2.81,60.0,0.0,51.1,34.0,7.0,63.0,26.0
701,Zach Pop,700000.0,0.0,25.0,4.0,0.0,2.77,35.0,0.0,39.0,41.0,2.0,25.0,4.0
703,Trevor Rogers,700000.0,0.0,24.0,4.0,11.0,5.47,23.0,0.0,107.0,116.0,15.0,106.0,45.0
704,Tanner Scott,700000.0,0.0,27.0,4.0,5.0,4.31,67.0,20.0,62.2,55.0,5.0,90.0,46.0
705,Cole Sulser,700000.0,0.0,32.0,1.0,4.0,5.29,39.0,2.0,34.0,39.0,6.0,38.0,16.0
708,Jason Alexander,700000.0,0.0,29.0,2.0,3.0,5.4,18.0,0.0,71.2,88.0,12.0,46.0,28.0
709,Aaron Ashby,704500.0,0.0,24.0,2.0,10.0,4.44,27.0,1.0,107.1,106.0,15.0,126.0,47.0
711,Brad Boxberger,1750000.0,-38309.09090909091,34.0,4.0,3.0,2.95,70.0,1.0,64.0,52.0,6.0,68.0,27.0
713,Corbin Burnes,6500000.0,0.0,27.0,12.0,8.0,2.94,33.0,0.0,202.0,144.0,23.0,243.0,51.0
714,Matt Bush,700000.0,1838.3333333333333,36.0,2.0,3.0,3.47,65.0,3.0,59.2,43.0,11.0,74.0,18.0
718,Trevor Gott,700000.0,1785.7142857142858,29.0,3.0,4.0,4.14,45.0,0.0,45.2,35.0,8.0,44.0,12.0
720,Josh Hader,11000000.0,2349071.4285714286,28.0,2.0,5.0,5.22,56.0,36.0,50.0,43.0,8.0,81.0,21.0
721,Adrian Houser,2425000.0,-1429166.6666666667,29.0,6.0,10.0,4.73,22.0,0.0,102.2,103.0,8.0,69.0,47.0
723,Eric Lauer,2425000.0,0.0,27.0,11.0,7.0,3.69,29.0,0.0,158.2,135.0,27.0,157.0,59.0
724,Jake McGee,700000.0,538986.6666666666,35.0,1.0,3.0,6.81,42.0,3.0,37.0,41.0,6.0,25.0,12.0
726,Hoby Milner,700000.0,0.0,31.0,3.0,3.0,3.76,67.0,0.0,64.2,61.0,5.0,64.0,15.0
727,Freddy Peralta,2484960.0,0.0,26.0,4.0,4.0,3.58,18.0,0.0,78.0,54.0,6.0,86.0,27.0
731,Taylor Rogers,700000.0,682187.5,31.0,4.0,8.0,4.76,66.0,31.0,64.1,57.0,7.0,84.0,18.0
735,Peter Strzelecki,700000.0,0.0,27.0,2.0,1.0,2.83,30.0,1.0,35.0,28.0,2.0,40.0,15.0
736,Brent Suter,2700000.0,141928.57142857142,32.0,5.0,3.0,3.78,54.0,0.0,66.2,58.0,9.0,53.0,22.0
738,Jose Urena,1250000.0,5555.555555555556,30.0,3.0,8.0,5.01,21.0,0.0,97.0,109.0,11.0,63.0,43.0
739,Devin Williams,700000.0,0.0,27.0,6.0,4.0,1.93,65.0,15.0,60.2,31.0,2.0,96.0,30.0
740,Brandon Woodruff,6800000.0,1883.3333333333333,29.0,13.0,4.0,3.05,27.0,0.0,153.1,122.0,18.0,190.0,42.0
742,Chris Bassitt,8650000.0,541875.0,33.0,15.0,9.0,3.42,30.0,0.0,181.2,159.0,19.0,167.0,49.0
744,Carlos Carrasco,700000.0,756476.9230769231,35.0,15.0,7.0,3.97,29.0,0.0,152.0,161.0,17.0,152.0,41.0
747,Jacob deGrom,35500000.0,3882569.4444444445,34.0,5.0,4.0,3.08,11.0,0.0,64.1,40.0,9.0,102.0,8.0
750,Mychal Givens,700000.0,243545.45454545456,32.0,7.0,3.0,3.38,59.0,2.0,61.1,56.0,8.0,71.0,25.0
754,Seth Lugo,2925000.0,336642.85714285716,32.0,3.0,2.0,3.6,62.0,3.0,65.0,58.0,9.0,69.0,18.0
757,Tylor Megill,700000.0,0.0,26.0,4.0,2.0,5.13,15.0,0.0,47.1,46.0,7.0,51.0,13.0
760,Adam Ottavino,4000000.0,709083.3333333334,36.0,6.0,3.0,2.06,66.0,3.0,65.2,48.0,6.0,79.0,16.0
761,David Peterson,700000.0,0.0,26.0,7.0,5.0,3.83,28.0,0.0,105.2,93.0,11.0,126.0,48.0
764,Joely Rodriguez,700000.0,327500.0,30.0,2.0,4.0,4.47,55.0,0.0,50.1,42.0,3.0,57.0,26.0
766,Max Scherzer,43333333.0,2154413.5,37.0,11.0,5.0,2.29,23.0,0.0,145.1,108.0,13.0,173.0,24.0
768,Drew Smith,750000.0,12500.0,28.0,3.0,3.0,3.33,44.0,0.0,46.0,38.0,9.0,53.0,15.0
770,Taijuan Walker,7000000.0,136145.45454545456,29.0,12.0,5.0,3.49,29.0,0.0,157.1,143.0,15.0,132.0,45.0
771,Trevor Williams,3900000.0,-143000.0,30.0,3.0,5.0,3.21,30.0,1.0,89.2,87.0,12.0,84.0,23.0
773,Jose Alvarado,1900000.0,0.0,27.0,4.0,2.0,3.18,59.0,2.0,51.0,38.0,2.0,81.0,24.0
775,Andrew Bellatti,700000.0,0.0,30.0,4.0,4.0,3.31,59.0,2.0,54.1,47.0,5.0,78.0,25.0
776,Connor Brogdon,700000.0,0.0,27.0,2.0,2.0,3.27,47.0,2.0,44.0,44.0,6.0,50.0,11.0
780,Seranthony Dominguez,725000.0,41000.0,27.0,6.0,5.0,3.0,54.0,9.0,51.0,36.0,4.0,61.0,22.0
782,Zach Eflin,5550000.0,551428.5714285715,28.0,3.0,5.0,4.04,20.0,1.0,75.2,70.0,8.0,65.0,15.0
783,Bailey Falter,700000.0,0.0,25.0,6.0,4.0,3.86,20.0,0.0,84.0,85.0,16.0,74.0,17.0
784,Jeurys Familia,6000000.0,956403.9230769231,32.0,2.0,3.0,6.09,48.0,0.0,44.1,58.0,7.0,41.0,22.0
785,Kyle Gibson,700000.0,924015.1818181818,34.0,10.0,8.0,5.05,31.0,0.0,167.2,176.0,24.0,144.0,48.0
787,Brad Hand,6000000.0,215222.26666666666,32.0,3.0,2.0,2.8,55.0,5.0,45.0,37.0,2.0,38.0,23.0
790,Corey Knebel,10000000.0,592125.0,30.0,3.0,5.0,3.43,46.0,12.0,44.2,33.0,4.0,41.0,28.0
793,Nick Nelson,700000.0,0.0,26.0,3.0,2.0,4.85,47.0,1.0,68.2,66.0,1.0,69.0,36.0
795,Aaron Nola,15500000.0,1466562.5,29.0,11.0,13.0,3.25,32.0,0.0,205.0,168.0,19.0,235.0,29.0
798,David Robertson,700000.0,537073.4375,37.0,4.0,3.0,2.4,58.0,20.0,63.2,39.0,6.0,81.0,35.0
801,Cristopher Sanchez,700000.0,0.0,25.0,2.0,2.0,5.63,15.0,1.0,40.0,38.0,5.0,35.0,17.0
803,Ranger Suarez,700000.0,0.0,26.0,10.0,7.0,3.65,29.0,0.0,155.1,149.0,15.0,129.0,58.0
804,Noah Syndergaard,700000.0,1145578.125,29.0,10.0,10.0,3.94,25.0,0.0,134.2,138.0,14.0,95.0,31.0
805,Zack Wheeler,26000000.0,2748453.125,32.0,12.0,7.0,2.82,26.0,0.0,153.0,125.0,13.0,163.0,34.0
808,Manny Banuelos,700000.0,0.0,31.0,2.0,1.0,4.39,35.0,1.0,41.0,32.0,2.0,42.0,21.0
809,David Bednar,700000.0,0.0,27.0,3.0,4.0,2.61,45.0,19.0,51.2,42.0,4.0,69.0,16.0
810,Tyler Beede,700000.0,0.0,29.0,2.0,5.0,5.14,31.0,0.0,61.1,71.0,7.0,39.0,29.0
812,JT Brubaker,700000.0,0.0,28.0,3.0,12.0,4.69,28.0,0.0,144.0,157.0,17.0,147.0,54.0
813,Diego Castillo,700000.0,0.0,28.0,7.0,3.0,3.64,59.0,7.0,54.1,40.0,5.0,53.0,22.0
814,Roansy Contreras,700000.0,0.0,22.0,5.0,5.0,3.79,21.0,0.0,95.0,82.0,13.0,86.0,39.0
815,Wil Crowe,700000.0,0.0,27.0,6.0,10.0,4.38,60.0,4.0,76.0,68.0,8.0,68.0,38.0
816,Chase De Jong,700000.0,0.0,28.0,6.0,3.0,2.64,42.0,1.0,71.2,52.0,10.0,59.0,30.0
824,Mitch Keller,700000.0,0.0,26.0,5.0,12.0,3.91,31.0,0.0,159.0,162.0,14.0,138.0,60.0
828,Johan Oviedo,700000.0,0.0,24.0,4.0,3.0,3.21,21.0,0.0,56.0,49.0,5.0,54.0,23.0
829,Dillon Peters,700000.0,0.0,29.0,5.0,2.0,4.58,22.0,0.0,39.1,35.0,5.0,26.0,17.0
830,Jose Quintana,2000000.0,403571.4285714286,33.0,6.0,7.0,2.93,32.0,0.0,165.2,154.0,8.0,137.0,47.0
831,Yohan Ramirez,700000.0,0.0,27.0,4.0,1.0,4.58,30.0,1.0,37.1,32.0,4.0,32.0,20.0
832,Robert Stephenson,700000.0,0.0,29.0,2.0,2.0,5.43,58.0,0.0,58.0,63.0,10.0,55.0,14.0
834,Chris Stratton,2700000.0,1666.6666666666667,31.0,10.0,4.0,4.26,60.0,2.0,63.1,72.0,4.0,60.0,25.0
836,Zach Thompson,700000.0,0.0,28.0,3.0,10.0,5.18,29.0,0.0,121.2,138.0,19.0,90.0,46.0
837,Duane Underwood Jr.,700000.0,0.0,27.0,1.0,6.0,4.4,51.0,1.0,57.1,58.0,1.0,57.0,25.0
840,Bryse Wilson,700000.0,0.0,24.0,3.0,9.0,5.52,25.0,0.0,115.2,132.0,20.0,79.0,32.0
847,Mike Clevinger,8000000.0,505928.5714285714,31.0,7.0,7.0,4.33,23.0,0.0,114.1,102.0,20.0,91.0,35.0
848,Nabil Crismatt,700000.0,0.0,27.0,5.0,2.0,2.94,50.0,0.0,67.1,57.0,5.0,65.0,22.0
849,Yu Darvish,700000.0,1409090.9090909092,35.0,16.0,8.0,3.1,30.0,0.0,194.2,148.0,22.0,197.0,37.0
850,Luis Garcia,3250000.0,36538.46153846154,25.0,15.0,8.0,3.72,28.0,0.0,157.1,131.0,23.0,157.0,47.0
851,Luis Garcia,3250000.0,36538.46153846154,35.0,4.0,6.0,3.39,64.0,3.0,61.0,57.0,3.0,68.0,17.0
852,MacKenzie Gore,700000.0,0.0,23.0,4.0,4.0,4.5,16.0,0.0,70.0,66.0,7.0,72.0,37.0
854,Josh Hader,700000.0,2349071.4285714286,28.0,2.0,5.0,5.22,56.0,36.0,50.0,43.0,8.0,81.0,21.0
855,Tim Hill,1325000.0,5635.0,32.0,3.0,0.0,3.56,55.0,0.0,48.0,45.0,1.0,25.0,14.0
859,Dinelson Lamet,4775000.0,605550.0,29.0,1.0,2.0,6.12,32.0,0.0,32.1,30.0,4.0,45.0,19.0
860,Sean Manaea,700000.0,773214.2857142857,30.0,8.0,9.0,4.96,30.0,0.0,158.0,155.0,29.0,156.0,50.0
861,Nick Martinez,4500000.0,838.0,31.0,4.0,4.0,3.47,47.0,8.0,106.1,96.0,15.0,95.0,41.0
863,Joe Musgrove,8625000.0,322371.4285714286,29.0,10.0,7.0,2.93,30.0,0.0,181.0,154.0,22.0,184.0,42.0
865,Taylor Rogers,700000.0,682187.5,31.0,4.0,8.0,4.76,66.0,31.0,64.1,57.0,7.0,84.0,18.0
867,Blake Snell,700000.0,1003757.1428571428,29.0,8.0,10.0,3.38,24.0,0.0,128.0,103.0,11.0,171.0,51.0
868,Craig Stammen,4000000.0,270384.6153846154,38.0,1.0,2.0,4.43,33.0,0.0,40.2,45.0,9.0,35.0,10.0
869,Robert Suarez,700000.0,0.0,31.0,5.0,1.0,2.27,45.0,1.0,47.2,29.0,4.0,61.0,21.0
872,Steven Wilson,700000.0,0.0,27.0,4.0,2.0,3.06,50.0,1.0,53.0,36.0,7.0,53.0,20.0
875,Tyler Beede,700000.0,0.0,29.0,2.0,5.0,5.14,31.0,0.0,61.1,71.0,7.0,39.0,29.0
876,John Brebbia,838000.0,46140.0,32.0,6.0,2.0,3.18,76.0,0.0,68.0,71.0,5.0,54.0,18.0
878,Alex Cobb,9000000.0,1317981.8181818181,34.0,7.0,8.0,3.73,28.0,0.0,149.2,152.0,9.0,151.0,43.0
879,Jharel Cotton,700000.0,0.0,30.0,4.0,2.0,3.56,30.0,0.0,43.0,34.0,7.0,39.0,20.0
881,Camilo Doval,700000.0,0.0,24.0,6.0,6.0,2.53,68.0,27.0,67.2,54.0,4.0,80.0,30.0
882,Jarlin Garcia,1725000.0,0.0,29.0,1.0,4.0,3.74,58.0,1.0,65.0,60.0,10.0,56.0,18.0
885,Jakob Junis,1750000.0,4000.0,29.0,5.0,7.0,4.42,23.0,0.0,112.0,120.0,13.0,98.0,25.0
886,Dominic Leone,2250000.0,50000.0,30.0,4.0,5.0,4.01,55.0,3.0,49.1,55.0,6.0,52.0,24.0
887,Zack Littell,700000.0,0.0,26.0,3.0,3.0,5.08,39.0,1.0,44.1,48.0,8.0,39.0,13.0
890,Yunior Marte,700000.0,0.0,27.0,1.0,1.0,5.44,39.0,0.0,48.0,47.0,5.0,44.0,22.0
891,Jake McGee,2500000.0,538986.6666666666,35.0,1.0,3.0,6.81,42.0,3.0,37.0,41.0,6.0,25.0,12.0
894,Carlos Rodon,21500000.0,310250.0,29.0,14.0,8.0,2.88,31.0,0.0,178.0,131.0,12.0,237.0,52.0
895,Tyler Rogers,700000.0,0.0,31.0,3.0,4.0,3.57,68.0,0.0,75.2,73.0,3.0,49.0,23.0
901,Logan Webb,700000.0,0.0,25.0,15.0,9.0,2.9,32.0,0.0,192.1,174.0,11.0,163.0,49.0
902,Alex Wood,12500000.0,225795.45454545456,31.0,8.0,12.0,5.1,26.0,0.0,130.2,132.0,17.0,131.0,30.0
906,Genesis Cabrera,700000.0,0.0,25.0,4.0,2.0,4.63,39.0,1.0,44.2,39.0,8.0,32.0,20.0
909,Jack Flaherty,5000000.0,559166.6666666666,26.0,2.0,1.0,4.25,9.0,0.0,36.0,36.0,4.0,33.0,22.0
910,Giovanny Gallegos,2410000.0,-370000.0,30.0,3.0,6.0,3.05,57.0,14.0,59.0,42.0,6.0,73.0,18.0
911,Ryan Helsley,700000.0,0.0,27.0,9.0,1.0,1.25,54.0,19.0,64.2,28.0,6.0,94.0,20.0
912,Jordan Hicks,938000.0,79500.0,25.0,3.0,6.0,4.84,35.0,0.0,61.1,46.0,5.0,63.0,35.0
913,Dakota Hudson,1050000.0,22400.0,27.0,8.0,7.0,4.45,27.0,0.0,139.2,141.0,9.0,78.0,61.0
915,Matthew Liberatore,700000.0,0.0,22.0,2.0,2.0,5.97,9.0,0.0,34.2,42.0,5.0,28.0,18.0
916,Steven Matz,8500000.0,560531.25,31.0,5.0,3.0,5.25,15.0,0.0,48.0,50.0,8.0,54.0,10.0
917,T.J. McFarland,2500000.0,-469000.0,33.0,0.0,0.0,6.61,28.0,0.0,32.2,42.0,5.0,16.0,11.0
918,Miles Mikolas,17000000.0,3428571.4285714286,33.0,12.0,13.0,3.29,33.0,0.0,202.1,170.0,25.0,153.0,39.0
920,Jordan Montgomery,700000.0,-17142.85714285714,29.0,9.0,6.0,3.48,32.0,0.0,178.1,159.0,21.0,158.0,36.0
922,Packy Naughton,700000.0,0.0,26.0,0.0,2.0,4.78,26.0,1.0,32.0,39.0,3.0,31.0,7.0
923,Johan Oviedo,700000.0,0.0,24.0,4.0,3.0,3.21,21.0,0.0,56.0,49.0,5.0,54.0,23.0
924,Andre Pallante,700000.0,0.0,23.0,6.0,5.0,3.17,47.0,0.0,108.0,113.0,9.0,73.0,40.0
926,Jose Quintana,700000.0,403571.4285714286,33.0,6.0,7.0,2.93,32.0,0.0,165.2,154.0,8.0,137.0,47.0
929,Chris Stratton,700000.0,1666.6666666666667,31.0,10.0,4.0,4.26,60.0,2.0,63.1,72.0,4.0,60.0,25.0
930,Zack Thompson,700000.0,0.0,24.0,1.0,1.0,2.08,22.0,1.0,34.2,20.0,3.0,27.0,14.0
932,Adam Wainwright,17500000.0,1333705.8823529412,40.0,11.0,12.0,3.71,32.0,0.0,191.2,192.0,16.0,143.0,54.0
936,Jake Woodford,700000.0,0.0,25.0,4.0,0.0,2.23,27.0,0.0,48.1,43.0,1.0,24.0,11.0
937,Cory Abbott,700000.0,0.0,26.0,0.0,5.0,5.25,16.0,0.0,48.0,44.0,12.0,45.0,25.0
938,Joan Adon,700000.0,0.0,23.0,1.0,12.0,7.1,14.0,0.0,64.2,76.0,8.0,55.0,39.0
940,Victor Arano,700000.0,0.0,27.0,1.0,1.0,4.5,43.0,1.0,42.0,47.0,5.0,44.0,12.0
942,Steve Cishek,1750000.0,178000.0,36.0,1.0,4.0,4.21,69.0,1.0,66.1,54.0,11.0,74.0,27.0
945,Patrick Corbin,23416666.0,4723933.3,32.0,6.0,19.0,6.31,31.0,0.0,152.2,210.0,27.0,128.0,49.0
947,Carl Edwards Jr.,700000.0,9400.0,30.0,6.0,3.0,2.76,57.0,2.0,62.0,51.0,8.0,56.0,25.0
949,Paolo Espino,700000.0,0.0,35.0,0.0,9.0,4.84,42.0,0.0,113.1,131.0,24.0,92.0,24.0
950,Erick Fedde,2150000.0,0.0,29.0,6.0,13.0,5.81,27.0,0.0,127.0,149.0,21.0,94.0,58.0
951,Kyle Finnegan,700000.0,0.0,30.0,6.0,4.0,3.51,66.0,11.0,66.2,54.0,9.0,70.0,22.0
954,Josiah Gray,700000.0,0.0,24.0,7.0,10.0,5.02,28.0,0.0,148.2,136.0,38.0,154.0,66.0
955,Hunter Harvey,700000.0,0.0,27.0,2.0,1.0,2.52,38.0,0.0,39.1,33.0,1.0,45.0,12.0
957,Andres Machado,700000.0,0.0,29.0,2.0,0.0,3.34,51.0,0.0,59.1,55.0,7.0,46.0,26.0
958,Jake McGee,700000.0,538986.6666666666,35.0,1.0,3.0,6.81,42.0,3.0,37.0,41.0,6.0,25.0,12.0
961,Tanner Rainey,860000.0,0.0,29.0,1.0,3.0,3.3,29.0,12.0,30.0,26.0,5.0,36.0,13.0
962,Erasmo Ramirez,100000.0,145213.33333333334,32.0,4.0,2.0,2.92,60.0,0.0,86.1,79.0,11.0,61.0,14.0
965,Aaron Sanchez,100000.0,177840.0,29.0,3.0,4.0,6.6,15.0,0.0,60.0,78.0,8.0,41.0,15.0
966,Anibal Sanchez,700000.0,136411.76470588235,38.0,4.0,6.0,4.28,14.0,0.0,69.1,55.0,13.0,48.0,33.0
971,Austin Voth,875000.0,0.0,30.0,5.0,4.0,4.34,41.0,0.0,101.2,111.0,14.0,90.0,31.0
972,Jordan Weems,700000.0,0.0,29.0,0.0,1.0,5.22,32.0,0.0,39.2,35.0,7.0,41.0,12.0
