,Name,2022 Salary,Avg Career Salary Difference,Age,H,R,RBI,BB,SO,SB,OPS
0,CJ Abrams,700000.0,0.0,21.0,70.0,33.0,21.0,5.0,50.0,7.0,0.604
3,Ronald Acuna Jr.,15000000.0,2480000.0,24.0,124.0,71.0,50.0,53.0,126.0,29.0,0.764
4,Willy Adames,4600000.0,0.0,26.0,134.0,83.0,98.0,49.0,166.0,8.0,0.756
5,Riley Adams,700000.0,0.0,26.0,25.0,14.0,10.0,12.0,46.0,0.0,0.555
6,Jo Adell,700000.0,0.0,23.0,60.0,22.0,27.0,11.0,107.0,4.0,0.637
7,Jesus Aguilar,7300000.0,984671.4285714285,32.0,109.0,39.0,51.0,28.0,119.0,1.0,0.661
8,Hanser Alberto,1350000.0,154400.0,29.0,38.0,13.0,15.0,3.0,25.0,0.0,0.623
9,Ozzie Albies,5000000.0,740833.3333333334,25.0,61.0,36.0,35.0,16.0,47.0,3.0,0.703
10,Sergio Alcantara,700000.0,0.0,25.0,45.0,26.0,29.0,12.0,57.0,1.0,0.617
11,Jorge Alfaro,2725000.0,116333.33333333333,29.0,63.0,25.0,40.0,11.0,98.0,1.0,0.667
12,Greg Allen,700000.0,0.0,29.0,22.0,17.0,8.0,10.0,42.0,8.0,0.531
13,Nick Allen,700000.0,0.0,23.0,62.0,31.0,19.0,19.0,64.0,3.0,0.547
15,Pete Alonso,7400000.0,1250.0,27.0,162.0,95.0,131.0,67.0,128.0,5.0,0.869
16,Jose Altuve,29000000.0,2376416.6666666665,32.0,158.0,103.0,57.0,66.0,87.0,18.0,0.921
17,Yordan Alvarez,764600.0,0.0,25.0,144.0,95.0,97.0,78.0,106.0,1.0,1.019
18,Brian Anderson,4475000.0,39375.0,29.0,75.0,43.0,28.0,37.0,101.0,1.0,0.657
19,Tim Anderson,9500000.0,1235714.2857142857,29.0,100.0,50.0,25.0,14.0,55.0,13.0,0.734
20,Elvis Andrus,700000.0,863333.3333333334,33.0,133.0,66.0,58.0,39.0,92.0,18.0,0.707
21,Elvis Andrus,14250000.0,863333.3333333334,33.0,133.0,66.0,58.0,39.0,92.0,18.0,0.707
22,Miguel Andujar,1300000.0,0.0,27.0,31.0,13.0,17.0,5.0,27.0,4.0,0.568
23,Aristides Aquino,700000.0,0.0,28.0,51.0,24.0,30.0,17.0,101.0,2.0,0.609
24,Orlando Arcia,1600000.0,176983.33333333334,27.0,51.0,25.0,30.0,21.0,51.0,0.0,0.733
25,Nolan Arenado,35000000.0,3450000.0,31.0,163.0,73.0,103.0,52.0,72.0,5.0,0.891
26,Randy Arozarena,700000.0,0.0,27.0,154.0,72.0,89.0,46.0,156.0,32.0,0.773
27,Luis Arraez,2125000.0,0.0,25.0,173.0,88.0,49.0,50.0,43.0,4.0,0.795
28,Christian Arroyo,1200000.0,0.0,27.0,80.0,32.0,36.0,13.0,49.0,5.0,0.736
29,Jose Azocar,700000.0,0.0,26.0,52.0,24.0,10.0,12.0,44.0,5.0,0.629
30,Akil Baddoo,700000.0,0.0,23.0,41.0,30.0,9.0,24.0,64.0,9.0,0.558
31,Harrison Bader,5200000.0,640000.0,28.0,73.0,38.0,30.0,15.0,62.0,17.0,0.65
32,Javier Baez,20000000.0,1986555.5555555555,29.0,132.0,64.0,67.0,26.0,147.0,9.0,0.671
33,Austin Barnes,2650000.0,225000.0,32.0,38.0,31.0,26.0,27.0,37.0,2.0,0.704
34,Tucker Barnhart,7500000.0,872812.5,31.0,62.0,16.0,16.0,25.0,74.0,0.0,0.554
35,Joey Bart,700000.0,0.0,25.0,56.0,34.0,25.0,26.0,112.0,2.0,0.66
36,Seth Beer,700000.0,0.0,25.0,21.0,4.0,9.0,11.0,31.0,0.0,0.521
37,Cody Bellinger,17000000.0,2735833.3333333335,26.0,106.0,70.0,68.0,38.0,150.0,14.0,0.654
38,Josh Bell,700000.0,644555.5555555555,29.0,147.0,78.0,71.0,81.0,102.0,0.0,0.784
39,Josh Bell,10000000.0,644555.5555555555,29.0,147.0,78.0,71.0,81.0,102.0,0.0,0.784
40,Brandon Belt,18400000.0,700000.0,34.0,54.0,25.0,23.0,37.0,81.0,1.0,0.676
41,Andrew Benintendi,700000.0,864428.5714285715,27.0,140.0,54.0,51.0,52.0,77.0,8.0,0.772
42,Andrew Benintendi,8500000.0,864428.5714285715,27.0,140.0,54.0,51.0,52.0,77.0,8.0,0.772
43,Jon Berti,1200000.0,0.0,32.0,86.0,47.0,28.0,42.0,89.0,41.0,0.662
44,Christian Bethancourt,700000.0,740.0,30.0,80.0,39.0,34.0,12.0,80.0,5.0,0.692
46,Mookie Betts,22916666.0,2489129.5555555555,29.0,154.0,117.0,82.0,55.0,104.0,12.0,0.873
47,Bo Bichette,700000.0,0.0,24.0,189.0,91.0,93.0,41.0,155.0,13.0,0.802
48,Cavan Biggio,2123000.0,0.0,27.0,52.0,43.0,24.0,38.0,85.0,2.0,0.668
49,Charlie Blackmon,21000000.0,1708250.0,35.0,140.0,60.0,78.0,32.0,109.0,4.0,0.733
51,Xander Bogaerts,20000000.0,2166388.888888889,29.0,171.0,84.0,73.0,57.0,118.0,8.0,0.833
52,Alec Bohm,700000.0,0.0,25.0,164.0,79.0,72.0,31.0,110.0,2.0,0.713
53,Skye Bolt,700000.0,0.0,28.0,21.0,10.0,13.0,7.0,30.0,5.0,0.589
54,David Bote,2510000.0,389700.0,29.0,30.0,15.0,12.0,6.0,45.0,1.0,0.746
55,Jackie Bradley Jr.,9500000.0,901000.0,32.0,70.0,30.0,38.0,24.0,77.0,2.0,0.566
56,Michael Brantley,16000000.0,1199938.4615384615,35.0,70.0,28.0,26.0,31.0,30.0,1.0,0.785
57,Alex Bregman,13000000.0,1780085.7142857143,28.0,142.0,93.0,93.0,87.0,77.0,1.0,0.82
58,Jonah Bride,700000.0,0.0,26.0,33.0,17.0,6.0,19.0,32.0,1.0,0.548
59,Mike Brosseau,700000.0,0.0,28.0,36.0,15.0,23.0,14.0,48.0,2.0,0.762
60,Seth Brown,700000.0,0.0,29.0,115.0,55.0,73.0,51.0,146.0,11.0,0.749
61,Vidal Brujan,700000.0,0.0,24.0,24.0,13.0,16.0,12.0,37.0,5.0,0.487
62,Kris Bryant,18000000.0,1827555.5555555555,30.0,49.0,28.0,14.0,17.0,27.0,0.0,0.851
63,Peyton Burdick,700000.0,0.0,25.0,19.0,8.0,11.0,8.0,35.0,1.0,0.665
64,Jake Burger,700000.0,0.0,26.0,42.0,20.0,26.0,10.0,56.0,0.0,0.761
65,Byron Buxton,9142857.0,1232908.142857143,28.0,76.0,61.0,51.0,34.0,116.0,6.0,0.833
66,Miguel Cabrera,32000000.0,1713888.888888889,39.0,101.0,25.0,43.0,28.0,101.0,1.0,0.622
67,Oswaldo Cabrera,700000.0,0.0,23.0,38.0,21.0,19.0,15.0,44.0,3.0,0.74
68,Lorenzo Cain,18000000.0,1592650.0,36.0,26.0,17.0,9.0,8.0,36.0,2.0,0.465
69,Kole Calhoun,5200000.0,420000.0,34.0,76.0,36.0,49.0,27.0,136.0,3.0,0.587
70,Alex Call,700000.0,0.0,27.0,27.0,18.0,13.0,15.0,30.0,3.0,0.748
71,Johan Camargo,1400000.0,169000.0,28.0,36.0,8.0,15.0,13.0,37.0,0.0,0.613
72,Jeimer Candelario,5800000.0,491666.6666666667,28.0,93.0,49.0,50.0,28.0,109.0,0.0,0.633
73,Mark Canha,13000000.0,1564285.7142857143,33.0,123.0,71.0,61.0,48.0,97.0,3.0,0.77
74,Victor Caratini,700000.0,0.0,28.0,54.0,26.0,34.0,31.0,67.0,0.0,0.642
75,Dylan Carlson,700000.0,0.0,23.0,102.0,56.0,42.0,45.0,94.0,5.0,0.695
76,Kerry Carpenter,700000.0,0.0,24.0,26.0,16.0,10.0,6.0,32.0,0.0,0.795
77,Matt Carpenter,700000.0,1638181.8181818181,36.0,39.0,28.0,37.0,19.0,35.0,0.0,1.138
78,Corbin Carroll,700000.0,0.0,21.0,27.0,13.0,14.0,8.0,31.0,2.0,0.83
79,Curt Casali,2600000.0,275000.0,33.0,30.0,20.0,17.0,24.0,50.0,0.0,0.649
80,Nick Castellanos,20000000.0,1225000.0,30.0,138.0,56.0,62.0,29.0,130.0,7.0,0.694
81,Diego Castillo,700000.0,0.0,24.0,54.0,28.0,29.0,14.0,75.0,1.0,0.633
82,Harold Castro,1275000.0,0.0,28.0,114.0,37.0,47.0,17.0,79.0,0.0,0.681
83,Rodolfo Castro,700000.0,0.0,23.0,59.0,25.0,27.0,22.0,74.0,5.0,0.725
84,Willi Castro,700000.0,0.0,25.0,88.0,47.0,31.0,15.0,82.0,9.0,0.651
85,Jake Cave,700000.0,5500.0,29.0,35.0,17.0,20.0,11.0,49.0,2.0,0.644
86,Gilberto Celestino,700000.0,0.0,23.0,74.0,30.0,24.0,32.0,77.0,4.0,0.615
87,Yu Chang,700000.0,0.0,26.0,35.0,19.0,15.0,16.0,59.0,0.0,0.605
88,Matt Chapman,12500000.0,1007083.3333333334,29.0,123.0,83.0,76.0,68.0,170.0,2.0,0.757
89,Michael Chavis,700000.0,0.0,26.0,92.0,39.0,49.0,19.0,126.0,1.0,0.654
90,Robinson Chirinos,900000.0,655971.0,38.0,35.0,10.0,22.0,19.0,67.0,1.0,0.552
91,Jazz Chisholm Jr.,700000.0,0.0,24.0,54.0,39.0,45.0,21.0,66.0,12.0,0.86
92,Ji-Man Choi,3200000.0,208083.33333333334,31.0,83.0,36.0,52.0,58.0,123.0,0.0,0.729
93,Ernie Clement,700000.0,0.0,26.0,30.0,19.0,6.0,11.0,26.0,0.0,0.452
94,Kody Clemens,700000.0,0.0,26.0,17.0,13.0,17.0,8.0,33.0,1.0,0.505
95,Willson Contreras,9625000.0,1297214.2857142857,30.0,101.0,65.0,55.0,45.0,103.0,4.0,0.815
96,William Contreras,700000.0,0.0,24.0,93.0,51.0,45.0,39.0,104.0,2.0,0.86
97,Garrett Cooper,2500000.0,175000.0,31.0,108.0,37.0,50.0,40.0,119.0,0.0,0.752
98,Franchy Cordero,700000.0,-117833.33333333333,27.0,53.0,36.0,29.0,28.0,92.0,4.0,0.697
99,Carlos Correa,35100000.0,4322912.5,27.0,152.0,70.0,64.0,61.0,121.0,0.0,0.834
100,Brandon Crawford,700000.0,1226583.3333333333,35.0,94.0,50.0,52.0,39.0,98.0,1.0,0.652
101,J.P. Crawford,6000000.0,-3372300.0,27.0,126.0,57.0,42.0,68.0,80.0,3.0,0.675
102,C.J. Cron,7250000.0,842187.5,32.0,148.0,79.0,102.0,43.0,164.0,0.0,0.783
103,Jake Cronenworth,700000.0,0.0,28.0,141.0,88.0,88.0,70.0,131.0,3.0,0.727
104,Nelson Cruz,12000000.0,588440.5555555555,41.0,105.0,50.0,64.0,49.0,119.0,4.0,0.651
105,Oneil Cruz,700000.0,0.0,23.0,77.0,45.0,54.0,28.0,126.0,11.0,0.744
106,Charlie Culberson,1750000.0,149166.66666666666,33.0,29.0,19.0,12.0,5.0,31.0,2.0,0.64
107,Bobby Dalbec,700000.0,0.0,27.0,68.0,40.0,39.0,29.0,118.0,3.0,0.652
108,Travis d'Arnaud,8000000.0,833160.0,33.0,106.0,61.0,60.0,19.0,90.0,0.0,0.791
109,J.D. Davis,700000.0,-539763.3333333334,29.0,79.0,46.0,35.0,39.0,122.0,1.0,0.758
110,J.D. Davis,2760000.0,-539763.3333333334,29.0,79.0,46.0,35.0,39.0,122.0,1.0,0.758
111,Yonathan Daza,700000.0,0.0,28.0,112.0,56.0,34.0,26.0,58.0,0.0,0.733
112,Paul DeJong,6166666.0,833333.1666666666,28.0,33.0,19.0,25.0,21.0,79.0,3.0,0.53
113,Bryan De La Cruz,700000.0,0.0,25.0,83.0,38.0,43.0,19.0,90.0,4.0,0.725
114,Jason Delay,700000.0,0.0,27.0,33.0,17.0,11.0,8.0,50.0,0.0,0.536
115,Rafael Devers,11200000.0,1112500.0,25.0,164.0,84.0,88.0,49.0,114.0,3.0,0.879
117,Elias Diaz,3000000.0,488200.0,31.0,80.0,29.0,51.0,25.0,82.0,0.0,0.648
118,Lewin Diaz,700000.0,0.0,25.0,27.0,12.0,11.0,11.0,54.0,1.0,0.512
120,Corey Dickerson,5000000.0,354166.6666666667,33.0,75.0,28.0,36.0,12.0,48.0,0.0,0.698
121,Josh Donaldson,21750000.0,1933272.7272727273,36.0,106.0,59.0,62.0,54.0,148.0,2.0,0.682
122,Brendan Donovan,700000.0,0.0,25.0,110.0,64.0,45.0,60.0,70.0,2.0,0.773
123,Hunter Dozier,4750000.0,450000.0,30.0,109.0,51.0,41.0,34.0,125.0,4.0,0.679
124,Brandon Drury,700000.0,-440000.0,29.0,136.0,87.0,87.0,38.0,126.0,2.0,0.813
126,Mauricio Dubon,700000.0,0.0,27.0,52.0,31.0,24.0,13.0,30.0,2.0,0.565
127,Matt Duffy,1500000.0,114000.0,31.0,57.0,14.0,16.0,17.0,50.0,0.0,0.619
128,Ezequiel Duran,700000.0,0.0,23.0,49.0,25.0,25.0,12.0,54.0,4.0,0.643
129,Jarren Duran,700000.0,0.0,25.0,45.0,23.0,17.0,14.0,63.0,7.0,0.645
130,Adam Duvall,9275000.0,-531250.0,33.0,61.0,39.0,36.0,21.0,101.0,0.0,0.677
131,Nate Eaton,700000.0,0.0,25.0,28.0,16.0,12.0,10.0,30.0,11.0,0.717
132,Tommy Edman,700000.0,0.0,27.0,153.0,95.0,57.0,46.0,111.0,32.0,0.725
133,Adam Engel,2000000.0,289600.0,30.0,55.0,32.0,17.0,11.0,76.0,12.0,0.579
134,Alcides Escobar,1000000.0,175000.0,35.0,27.0,12.0,8.0,5.0,32.0,1.0,0.542
135,Eduardo Escobar,10000000.0,598611.1666666666,33.0,119.0,58.0,69.0,40.0,129.0,0.0,0.726
136,Santiago Espinal,700000.0,0.0,27.0,120.0,51.0,51.0,36.0,68.0,6.0,0.692
137,Thairo Estrada,700000.0,0.0,26.0,127.0,71.0,62.0,33.0,89.0,21.0,0.724
138,Kyle Farmer,3155000.0,921666.6666666666,31.0,134.0,58.0,78.0,33.0,99.0,4.0,0.701
139,David Fletcher,4000000.0,400000.0,28.0,55.0,20.0,17.0,7.0,16.0,1.0,0.621
140,Wilmer Flores,3500000.0,298645.7,30.0,120.0,72.0,71.0,59.0,103.0,0.0,0.71
141,Nick Fortes,700000.0,0.0,25.0,50.0,41.0,24.0,18.0,45.0,5.0,0.696
142,Jake Fraley,700000.0,0.0,27.0,56.0,33.0,28.0,26.0,54.0,4.0,0.812
143,Maikel Franco,700000.0,22812.5,29.0,85.0,31.0,39.0,12.0,75.0,1.0,0.597
144,Ty France,700000.0,0.0,27.0,152.0,65.0,84.0,35.0,94.0,0.0,0.777
145,Wander Franco,1454545.0,0.0,21.0,87.0,46.0,33.0,26.0,33.0,8.0,0.746
146,Adam Frazier,8000000.0,743812.5,30.0,129.0,61.0,42.0,46.0,73.0,11.0,0.612
147,Freddie Freeman,27000000.0,2222583.3333333335,32.0,199.0,117.0,100.0,84.0,102.0,13.0,0.918
149,Joey Gallo,10275000.0,881986.6666666666,28.0,56.0,48.0,47.0,56.0,163.0,3.0,0.638
150,Joey Gallo,700000.0,881986.6666666666,28.0,56.0,48.0,47.0,56.0,163.0,3.0,0.638
151,Ben Gamel,1800000.0,138716.66666666666,30.0,86.0,42.0,46.0,48.0,98.0,5.0,0.693
153,Aramis Garcia,700000.0,0.0,29.0,23.0,6.0,4.0,3.0,34.0,0.0,0.507
154,Avisail Garcia,12000000.0,1151000.0,31.0,80.0,31.0,35.0,17.0,109.0,4.0,0.582
155,Dermis Garcia,700000.0,0.0,24.0,24.0,13.0,20.0,8.0,55.0,0.0,0.652
156,Jose Barrero,700000.0,0.0,24.0,25.0,13.0,10.0,9.0,76.0,4.0,0.401
157,Leury Garcia,5500000.0,832416.6666666666,31.0,63.0,38.0,20.0,7.0,65.0,2.0,0.5
158,Luis Garcia,700000.0,0.0,22.0,99.0,29.0,45.0,11.0,84.0,3.0,0.704
159,Kyle Garlick,700000.0,0.0,30.0,35.0,23.0,18.0,8.0,48.0,0.0,0.717
160,Mitch Garver,3335000.0,696875.0,31.0,39.0,23.0,24.0,23.0,53.0,1.0,0.702
161,Andres Gimenez,700000.0,0.0,23.0,146.0,66.0,69.0,34.0,112.0,20.0,0.837
162,Paul Goldschmidt,26000000.0,2126500.0,34.0,178.0,106.0,115.0,79.0,141.0,7.0,0.981
163,Yan Gomes,6000000.0,287500.0,34.0,65.0,23.0,31.0,8.0,47.0,2.0,0.625
164,Luis Gonzalez,700000.0,-125714.28571428571,26.0,79.0,31.0,36.0,30.0,75.0,10.0,0.683
165,Marwin Gonzalez,700000.0,229090.9090909091,33.0,34.0,20.0,18.0,14.0,54.0,3.0,0.576
166,Oscar Gonzalez,700000.0,0.0,24.0,107.0,39.0,43.0,15.0,75.0,1.0,0.789
167,Romy Gonzalez,700000.0,0.0,25.0,25.0,15.0,11.0,2.0,39.0,0.0,0.609
168,Nick Gordon,700000.0,0.0,26.0,110.0,45.0,50.0,19.0,105.0,6.0,0.743
169,Nolan Gorman,700000.0,0.0,22.0,64.0,44.0,35.0,28.0,103.0,1.0,0.721
170,Yuli Gurriel,8000000.0,1085285.7142857143,38.0,132.0,53.0,53.0,30.0,73.0,8.0,0.647
171,Yasmani Grandal,18250000.0,1500000.0,33.0,66.0,15.0,27.0,45.0,79.0,1.0,0.57
172,Riley Greene,700000.0,0.0,21.0,95.0,46.0,42.0,36.0,120.0,1.0,0.682
173,Didi Gregorius,15250000.0,1476700.0,32.0,45.0,17.0,19.0,13.0,36.0,1.0,0.567
174,Randal Grichuk,700000.0,597837.0,30.0,131.0,60.0,73.0,24.0,127.0,4.0,0.724
175,Trent Grisham,700000.0,0.0,25.0,83.0,58.0,53.0,57.0,150.0,7.0,0.626
176,Vaughn Grissom,700000.0,0.0,21.0,41.0,24.0,18.0,11.0,34.0,5.0,0.792
177,Robbie Grossman,5000000.0,444750.0,32.0,86.0,40.0,45.0,56.0,129.0,6.0,0.622
178,Robbie Grossman,700000.0,444750.0,32.0,86.0,40.0,45.0,56.0,129.0,6.0,0.622
179,Vladimir Guerrero Jr.,7900000.0,0.0,23.0,175.0,90.0,97.0,58.0,116.0,8.0,0.818
180,Luis Guillorme,875000.0,0.0,27.0,81.0,33.0,17.0,34.0,46.0,1.0,0.691
181,Lourdes Gurriel Jr.,4928572.0,810714.4,28.0,132.0,52.0,52.0,31.0,83.0,3.0,0.743
182,Eric Haase,700000.0,0.0,29.0,82.0,41.0,44.0,24.0,97.0,0.0,0.748
183,Sam Haggerty,700000.0,0.0,28.0,45.0,29.0,23.0,18.0,53.0,13.0,0.738
184,Darick Hall,700000.0,0.0,26.0,34.0,19.0,16.0,5.0,44.0,0.0,0.804
185,Garrett Hampson,1863000.0,-5537937.25,27.0,42.0,29.0,15.0,21.0,63.0,12.0,0.594
186,Mitch Haniger,7750000.0,1193316.6666666667,31.0,55.0,31.0,34.0,20.0,65.0,0.0,0.736
187,Ian Happ,6850000.0,463916.6666666667,27.0,155.0,72.0,72.0,58.0,149.0,9.0,0.781
188,Bryce Harper,27538461.0,1230769.1818181819,29.0,106.0,63.0,65.0,46.0,87.0,11.0,0.877
189,Josh Harrison,4000000.0,410545.45454545453,34.0,99.0,50.0,27.0,21.0,71.0,2.0,0.687
191,Ke'Bryan Hayes,10000000.0,0.0,25.0,123.0,55.0,41.0,48.0,122.0,20.0,0.659
192,Austin Hays,700000.0,0.0,26.0,134.0,66.0,60.0,34.0,114.0,2.0,0.719
193,Austin Hedges,4000000.0,577150.0,29.0,48.0,26.0,30.0,25.0,78.0,2.0,0.489
194,Jonah Heim,700000.0,0.0,27.0,92.0,51.0,48.0,41.0,87.0,2.0,0.697
195,Tyler Heineman,700000.0,0.0,31.0,34.0,16.0,9.0,8.0,17.0,1.0,0.544
196,Gunnar Henderson,700000.0,0.0,21.0,30.0,12.0,18.0,16.0,34.0,1.0,0.788
197,Cesar Hernandez,4000000.0,431818.1818181818,32.0,139.0,64.0,34.0,45.0,114.0,10.0,0.629
198,Enrique Hernandez,8000000.0,935000.0,30.0,80.0,48.0,45.0,34.0,71.0,0.0,0.629
199,Teoscar Hernandez,10650000.0,1055000.0,29.0,133.0,71.0,77.0,34.0,152.0,6.0,0.807
201,Jose Herrera,700000.0,0.0,25.0,21.0,9.0,5.0,9.0,34.0,0.0,0.457
202,Odubel Herrera,1750000.0,174571.42857142858,30.0,44.0,23.0,21.0,11.0,42.0,6.0,0.658
203,Jason Heyward,22000000.0,1661538.4615384615,32.0,28.0,15.0,10.0,11.0,32.0,1.0,0.556
204,Aaron Hicks,10785714.0,-1128078.6,32.0,83.0,54.0,40.0,63.0,109.0,10.0,0.642
205,Kyle Higashioka,935000.0,0.0,32.0,52.0,27.0,31.0,12.0,52.0,0.0,0.653
206,P.J. Higgins,700000.0,0.0,29.0,46.0,23.0,30.0,22.0,58.0,0.0,0.693
207,Sam Hilliard,700000.0,0.0,28.0,32.0,26.0,14.0,23.0,57.0,5.0,0.544
208,Keston Hiura,700000.0,0.0,25.0,53.0,34.0,32.0,23.0,111.0,5.0,0.765
209,Nico Hoerner,700000.0,0.0,25.0,135.0,60.0,55.0,28.0,57.0,20.0,0.736
210,Rhys Hoskins,7700000.0,487083.3333333333,29.0,145.0,81.0,79.0,72.0,169.0,2.0,0.794
211,Eric Hosmer,21000000.0,1708125.0,32.0,102.0,38.0,44.0,37.0,64.0,0.0,0.716
212,Sam Huff,700000.0,0.0,24.0,29.0,9.0,10.0,11.0,42.0,1.0,0.675
213,Cooper Hummel,700000.0,0.0,27.0,31.0,20.0,17.0,23.0,64.0,4.0,0.58
216,Jonathan India,700000.0,0.0,25.0,96.0,48.0,41.0,31.0,94.0,3.0,0.705
217,Kyle Isbel,700000.0,0.0,25.0,54.0,32.0,28.0,16.0,75.0,9.0,0.603
218,Danny Jansen,1950000.0,-2950.0,27.0,56.0,34.0,44.0,25.0,44.0,1.0,0.855
219,Ryan Jeffers,700000.0,0.0,25.0,44.0,25.0,27.0,23.0,62.0,0.0,0.648
221,Connor Joe,700000.0,0.0,29.0,96.0,56.0,28.0,55.0,97.0,6.0,0.697
222,Aaron Judge,19000000.0,3150000.0,30.0,177.0,133.0,131.0,111.0,175.0,16.0,1.111
223,Josh Jung,700000.0,0.0,24.0,20.0,9.0,14.0,4.0,39.0,2.0,0.654
224,Jarred Kelenic,700000.0,0.0,22.0,23.0,20.0,17.0,16.0,61.0,5.0,0.534
225,Carson Kelly,3325000.0,406250.0,27.0,67.0,40.0,35.0,29.0,71.0,2.0,0.617
226,Tony Kemp,2250000.0,200000.0,30.0,117.0,61.0,46.0,45.0,69.0,11.0,0.641
227,Max Kepler,6750000.0,886071.4285714285,29.0,88.0,54.0,43.0,49.0,66.0,3.0,0.666
228,Kevin Kiermaier,12166666.0,1294762.888888889,32.0,47.0,28.0,22.0,14.0,61.0,6.0,0.649
230,Isiah Kiner-Falefa,4700000.0,540000.0,27.0,126.0,66.0,48.0,35.0,72.0,22.0,0.642
231,Alex Kirilloff,700000.0,0.0,24.0,36.0,14.0,21.0,5.0,36.0,0.0,0.651
232,Alejandro Kirk,700000.0,0.0,23.0,134.0,59.0,63.0,63.0,58.0,0.0,0.786
233,Andrew Knizner,700000.0,0.0,27.0,56.0,28.0,25.0,26.0,62.0,0.0,0.601
234,Steven Kwan,700000.0,0.0,24.0,168.0,89.0,52.0,62.0,60.0,19.0,0.772
235,Shea Langeliers,700000.0,0.0,24.0,31.0,14.0,22.0,9.0,53.0,0.0,0.691
236,Trevor Larnach,700000.0,0.0,25.0,37.0,22.0,18.0,18.0,57.0,0.0,0.712
237,Tommy La Stella,5250000.0,266666.6666666667,33.0,43.0,17.0,14.0,11.0,30.0,0.0,0.632
238,Ramon Laureano,2450000.0,0.0,27.0,73.0,49.0,34.0,25.0,104.0,11.0,0.663
239,Charles Leblanc,700000.0,0.0,26.0,41.0,18.0,11.0,12.0,53.0,4.0,0.723
240,DJ LeMahieu,15000000.0,1318090.9090909092,33.0,122.0,74.0,46.0,67.0,71.0,4.0,0.734
241,Francisco Lindor,34100000.0,4194962.5,28.0,170.0,98.0,107.0,59.0,133.0,16.0,0.788
242,Evan Longoria,19666667.0,1277777.8,36.0,65.0,31.0,42.0,27.0,83.0,0.0,0.767
243,Alejo Lopez,700000.0,0.0,26.0,38.0,15.0,10.0,9.0,21.0,3.0,0.645
244,Nicky Lopez,2550000.0,0.0,27.0,99.0,51.0,20.0,29.0,63.0,13.0,0.554
245,Brandon Lowe,4000000.0,600000.0,27.0,52.0,31.0,25.0,27.0,61.0,1.0,0.691
246,Josh Lowe,700000.0,0.0,24.0,40.0,24.0,13.0,15.0,66.0,3.0,0.627
247,Nathaniel Lowe,700000.0,0.0,26.0,179.0,74.0,76.0,48.0,147.0,2.0,0.851
248,Jed Lowrie,850000.0,34666.666666666664,38.0,30.0,14.0,16.0,15.0,39.0,1.0,0.508
249,Jordan Luplow,1400000.0,0.0,28.0,36.0,26.0,28.0,25.0,60.0,5.0,0.634
250,Gavin Lux,700000.0,0.0,24.0,116.0,66.0,42.0,47.0,95.0,7.0,0.745
251,Manny Machado,32000000.0,2958750.0,29.0,172.0,100.0,102.0,63.0,133.0,9.0,0.898
252,Vimael Machin,700000.0,0.0,28.0,49.0,26.0,13.0,25.0,47.0,1.0,0.587
253,Bligh Madris,700000.0,0.0,26.0,20.0,10.0,7.0,10.0,31.0,2.0,0.509
254,Nick Madrigal,700000.0,0.0,25.0,52.0,19.0,7.0,14.0,27.0,3.0,0.588
255,Luke Maile,900000.0,68320.0,31.0,40.0,19.0,17.0,19.0,54.0,0.0,0.627
256,Martin Maldonado,5000000.0,194250.0,35.0,64.0,40.0,45.0,22.0,116.0,0.0,0.6
257,Trey Mancini,700000.0,-41666.666666666664,30.0,124.0,56.0,63.0,53.0,135.0,0.0,0.71
258,Trey Mancini,7500000.0,-41666.666666666664,30.0,124.0,56.0,63.0,53.0,135.0,0.0,0.71
259,Tucupita Marcano,700000.0,0.0,22.0,33.0,18.0,13.0,10.0,44.0,2.0,0.562
260,Manuel Margot,5600000.0,373583.3333333333,27.0,92.0,36.0,47.0,24.0,68.0,7.0,0.7
261,Brandon Marsh,700000.0,0.0,24.0,104.0,49.0,52.0,28.0,158.0,10.0,0.679
263,Ketel Marte,8400000.0,875000.0,28.0,118.0,68.0,52.0,55.0,101.0,5.0,0.727
264,Starling Marte,15750000.0,846153.8461538461,33.0,136.0,76.0,63.0,26.0,97.0,18.0,0.814
265,J.D. Martinez,19350000.0,873076.9230769231,34.0,146.0,76.0,62.0,52.0,145.0,0.0,0.79
266,Michael Massey,700000.0,0.0,24.0,42.0,16.0,17.0,9.0,46.0,3.0,0.683
267,Jorge Mateo,700000.0,0.0,27.0,109.0,63.0,50.0,27.0,147.0,35.0,0.646
268,Nomar Mazara,700000.0,393364.28571428574,27.0,42.0,16.0,18.0,10.0,40.0,0.0,0.668
269,James McCann,8150000.0,768750.0,32.0,34.0,19.0,18.0,11.0,46.0,3.0,0.538
270,Jake McCarthy,700000.0,0.0,24.0,91.0,53.0,43.0,23.0,76.0,23.0,0.769
271,Chas McCormick,700000.0,0.0,27.0,88.0,47.0,44.0,46.0,106.0,4.0,0.738
272,Andrew McCutchen,8500000.0,488500.0,35.0,122.0,66.0,69.0,57.0,124.0,8.0,0.7
273,Reese McGuire,700000.0,0.0,27.0,67.0,25.0,22.0,12.0,56.0,1.0,0.677
275,Ryan McKenna,700000.0,0.0,25.0,37.0,23.0,11.0,11.0,55.0,2.0,0.634
276,Zach McKinstry,700000.0,0.0,27.0,33.0,21.0,14.0,16.0,52.0,7.0,0.635
277,Ryan McMahon,5000000.0,-363000.0,27.0,130.0,67.0,67.0,60.0,158.0,7.0,0.741
278,Jeff McNeil,3000000.0,0.0,30.0,174.0,73.0,62.0,40.0,61.0,4.0,0.836
279,Austin Meadows,700000.0,0.0,27.0,32.0,9.0,11.0,16.0,17.0,0.0,0.675
280,Francisco Mejia,1455000.0,18366.666666666668,26.0,70.0,32.0,31.0,7.0,65.0,0.0,0.645
281,MJ Melendez,700000.0,0.0,23.0,100.0,57.0,62.0,66.0,131.0,2.0,0.706
282,Danny Mendick,700000.0,0.0,28.0,28.0,22.0,15.0,7.0,23.0,1.0,0.786
283,Joey Meneses,700000.0,0.0,30.0,72.0,33.0,34.0,15.0,52.0,1.0,0.93
284,Oscar Mercado,700000.0,0.0,27.0,25.0,17.0,16.0,5.0,29.0,2.0,0.614
285,Whit Merrifield,700000.0,772562.5,33.0,126.0,70.0,58.0,38.0,85.0,16.0,0.673
286,Whit Merrifield,7000000.0,772562.5,33.0,126.0,70.0,58.0,38.0,85.0,16.0,0.673
287,Jake Meyers,700000.0,0.0,26.0,34.0,13.0,15.0,7.0,54.0,2.0,0.582
288,Brad Miller,6000000.0,706490.0,32.0,47.0,20.0,32.0,18.0,70.0,4.0,0.59
289,Owen Miller,700000.0,0.0,25.0,103.0,53.0,51.0,32.0,93.0,2.0,0.652
290,Jose Miranda,700000.0,0.0,24.0,119.0,45.0,66.0,28.0,91.0,1.0,0.751
291,Calvin Mitchell,700000.0,0.0,23.0,48.0,21.0,17.0,18.0,52.0,3.0,0.635
292,Yadier Molina,10000000.0,458333.3333333333,39.0,56.0,19.0,24.0,5.0,40.0,2.0,0.535
293,Yoan Moncada,13800000.0,2207500.0,27.0,84.0,41.0,51.0,32.0,114.0,2.0,0.626
294,Elehuris Montero,700000.0,0.0,23.0,41.0,21.0,20.0,8.0,60.0,0.0,0.702
295,Dylan Moore,1350000.0,41000.0,29.0,46.0,41.0,24.0,34.0,75.0,21.0,0.753
296,Colin Moran,1000000.0,-714100.0,29.0,23.0,11.0,23.0,16.0,30.0,0.0,0.681
297,Christopher Morel,700000.0,0.0,23.0,89.0,55.0,47.0,38.0,137.0,10.0,0.741
298,Ryan Mountcastle,700000.0,0.0,25.0,139.0,62.0,85.0,43.0,154.0,4.0,0.729
299,Mike Moustakas,16000000.0,1439442.3076923077,33.0,54.0,30.0,25.0,24.0,75.0,2.0,0.64
301,Max Muncy,13000000.0,1775000.0,31.0,91.0,69.0,69.0,90.0,141.0,2.0,0.713
302,Sean Murphy,700000.0,0.0,27.0,134.0,67.0,66.0,56.0,124.0,1.0,0.759
303,Wil Myers,22500000.0,2199580.0,31.0,68.0,29.0,41.0,21.0,86.0,2.0,0.713
304,Tyler Naquin,700000.0,-642857.1428571428,31.0,71.0,47.0,46.0,19.0,93.0,4.0,0.705
305,Tyler Naquin,4025000.0,-642857.1428571428,31.0,71.0,47.0,46.0,19.0,93.0,4.0,0.705
306,Omar Narvaez,5000000.0,637142.8571428572,30.0,54.0,21.0,23.0,29.0,57.0,0.0,0.597
307,Josh Naylor,1200000.0,0.0,25.0,115.0,47.0,79.0,38.0,80.0,6.0,0.771
308,Sheldon Neuse,700000.0,0.0,27.0,58.0,25.0,26.0,20.0,80.0,6.0,0.561
309,Tyler Nevin,700000.0,0.0,25.0,31.0,17.0,16.0,20.0,46.0,0.0,0.56
310,Kevin Newman,1950000.0,0.0,28.0,79.0,31.0,24.0,16.0,48.0,8.0,0.687
312,Brandon Nimmo,7000000.0,979166.6666666666,29.0,159.0,102.0,64.0,71.0,116.0,3.0,0.8
313,Austin Nola,700000.0,0.0,32.0,87.0,40.0,40.0,34.0,60.0,2.0,0.649
314,Lars Nootbaar,700000.0,0.0,24.0,66.0,53.0,40.0,51.0,71.0,4.0,0.788
315,Rougned Odor,700000.0,1313275.888888889,28.0,88.0,49.0,53.0,32.0,109.0,6.0,0.632
316,Ryan O'Hearn,1300000.0,0.0,28.0,32.0,14.0,16.0,8.0,35.0,0.0,0.611
317,Shohei Ohtani,5500000.0,370000.0,27.0,160.0,90.0,95.0,72.0,161.0,11.0,0.875
318,Edward Olivares,700000.0,0.0,26.0,46.0,24.0,15.0,10.0,36.0,2.0,0.743
319,Matt Olson,15000000.0,1671250.0,28.0,148.0,86.0,103.0,75.0,170.0,0.0,0.802
320,Tyler O'Neill,3400000.0,0.0,27.0,76.0,56.0,58.0,38.0,103.0,14.0,0.7
321,Rafael Ortega,700000.0,0.0,31.0,76.0,35.0,35.0,44.0,74.0,12.0,0.688
322,Marcell Ozuna,16000000.0,1549500.0,31.0,106.0,56.0,56.0,31.0,122.0,2.0,0.687
323,Cristian Pache,700000.0,0.0,23.0,40.0,18.0,18.0,15.0,70.0,2.0,0.459
324,Richie Palacios,700000.0,0.0,25.0,26.0,7.0,10.0,9.0,20.0,2.0,0.578
325,Isaac Paredes,700000.0,0.0,23.0,68.0,48.0,45.0,44.0,67.0,0.0,0.74
326,Vinnie Pasquantino,700000.0,0.0,24.0,76.0,25.0,26.0,35.0,34.0,1.0,0.832
327,Joc Pederson,6000000.0,333333.3333333333,30.0,104.0,57.0,70.0,42.0,100.0,3.0,0.874
328,Jeremy Pena,700000.0,0.0,24.0,132.0,72.0,63.0,22.0,135.0,11.0,0.715
329,David Peralta,700000.0,647600.0,34.0,110.0,39.0,59.0,41.0,114.0,1.0,0.731
330,David Peralta,7500000.0,647600.0,34.0,110.0,39.0,59.0,41.0,114.0,1.0,0.731
331,Geraldo Perdomo,700000.0,0.0,22.0,84.0,58.0,40.0,50.0,103.0,9.0,0.547
332,Michael Perez,700000.0,0.0,29.0,18.0,10.0,14.0,10.0,32.0,1.0,0.511
333,Salvador Perez,18000000.0,1568181.8181818181,32.0,113.0,48.0,76.0,18.0,109.0,0.0,0.757
334,Jace Peterson,1825000.0,186000.0,32.0,68.0,44.0,34.0,33.0,85.0,12.0,0.698
335,Tommy Pham,700000.0,352990.0,34.0,131.0,89.0,63.0,56.0,167.0,8.0,0.686
336,Tommy Pham,6000000.0,352990.0,34.0,131.0,89.0,63.0,56.0,167.0,8.0,0.686
337,Brett Phillips,1400000.0,0.0,28.0,29.0,22.0,15.0,16.0,94.0,7.0,0.466
338,Chad Pinder,2725000.0,435000.0,30.0,85.0,38.0,42.0,14.0,118.0,2.0,0.648
339,Stephen Piscotty,7583334.0,883854.25,31.0,24.0,12.0,14.0,9.0,48.0,2.0,0.593
340,Kevin Plawecki,2250000.0,241789.85714285713,31.0,37.0,15.0,13.0,14.0,32.0,0.0,0.572
341,Jorge Polanco,5500000.0,708571.4285714285,28.0,88.0,54.0,56.0,64.0,95.0,3.0,0.751
343,Nick Pratto,700000.0,0.0,23.0,29.0,18.0,20.0,19.0,66.0,0.0,0.657
344,Jurickson Profar,7333334.0,961190.5714285715,29.0,140.0,82.0,58.0,73.0,103.0,5.0,0.723
345,Albert Pujols,2500000.0,1072222.2222222222,42.0,83.0,42.0,68.0,28.0,55.0,1.0,0.895
346,Cal Raleigh,700000.0,0.0,25.0,78.0,46.0,63.0,38.0,122.0,1.0,0.774
347,Harold Ramirez,700000.0,0.0,27.0,121.0,46.0,58.0,19.0,72.0,3.0,0.747
348,Jose Ramirez,22000000.0,2387633.3333333335,29.0,168.0,91.0,126.0,69.0,82.0,20.0,0.869
349,J.T. Realmuto,23875000.0,2917812.5,31.0,139.0,75.0,84.0,41.0,119.0,21.0,0.82
350,Rob Refsnyder,100000.0,0.0,31.0,47.0,25.0,21.0,15.0,46.0,1.0,0.881
351,Anthony Rendon,36571429.0,3562142.9,32.0,38.0,15.0,24.0,23.0,35.0,2.0,0.706
352,Hunter Renfroe,7650000.0,-4827938.166666667,30.0,121.0,62.0,72.0,39.0,121.0,1.0,0.807
353,Luis Rengifo,700000.0,0.0,25.0,129.0,45.0,52.0,17.0,79.0,6.0,0.724
354,Franmil Reyes,4550000.0,0.0,26.0,97.0,43.0,47.0,30.0,157.0,2.0,0.638
355,Franmil Reyes,700000.0,0.0,26.0,97.0,43.0,47.0,30.0,157.0,2.0,0.638
356,Victor Reyes,1400000.0,-4100.0,27.0,80.0,27.0,34.0,13.0,77.0,2.0,0.651
357,Bryan Reynolds,6750000.0,0.0,27.0,142.0,74.0,62.0,56.0,141.0,7.0,0.807
358,Matt Reynolds,700000.0,0.0,31.0,60.0,31.0,23.0,26.0,78.0,5.0,0.652
359,Austin Riley,3950000.0,0.0,25.0,168.0,90.0,93.0,57.0,168.0,2.0,0.878
360,Alfonso Rivas,700000.0,0.0,25.0,59.0,27.0,25.0,29.0,87.0,6.0,0.628
361,Emmanuel Rivera,700000.0,0.0,26.0,77.0,46.0,40.0,23.0,83.0,1.0,0.702
363,Anthony Rizzo,16000000.0,1173076.923076923,32.0,104.0,77.0,75.0,58.0,101.0,6.0,0.817
364,Luis Robert,6000000.0,1809900.0,24.0,108.0,54.0,56.0,17.0,77.0,11.0,0.746
365,Victor Robles,1650000.0,0.0,25.0,82.0,42.0,33.0,17.0,104.0,15.0,0.584
366,Brendan Rodgers,700000.0,0.0,25.0,140.0,72.0,63.0,46.0,101.0,0.0,0.733
367,Julio Rodriguez,700000.0,368000.0,21.0,145.0,84.0,75.0,40.0,145.0,25.0,0.853
368,Josh Rojas,700000.0,0.0,28.0,119.0,66.0,56.0,55.0,98.0,23.0,0.739
369,Miguel Rojas,5000000.0,498777.77777777775,33.0,111.0,34.0,36.0,26.0,61.0,9.0,0.605
370,Amed Rosario,4950000.0,429426.6666666667,26.0,180.0,85.0,71.0,25.0,111.0,18.0,0.715
371,Eddie Rosario,9000000.0,828611.1111111111,30.0,53.0,27.0,24.0,17.0,68.0,3.0,0.587
372,Darin Ruf,3000000.0,290000.0,35.0,68.0,52.0,45.0,45.0,105.0,2.0,0.645
373,Keibert Ruiz,700000.0,0.0,23.0,99.0,33.0,36.0,30.0,50.0,6.0,0.673
374,Adley Rutschman,700000.0,0.0,24.0,101.0,70.0,42.0,65.0,86.0,4.0,0.806
375,Gary Sanchez,9000000.0,1206014.2857142857,29.0,86.0,42.0,61.0,40.0,136.0,2.0,0.659
376,Jesus Sanchez,700000.0,0.0,24.0,67.0,38.0,36.0,26.0,92.0,1.0,0.682
377,Anthony Santander,3150000.0,-1880700.0,27.0,138.0,78.0,89.0,55.0,122.0,0.0,0.773
378,Carlos Santana,10500000.0,720242.8571428572,36.0,87.0,52.0,60.0,71.0,88.0,0.0,0.692
379,Carlos Santana,700000.0,720242.8571428572,36.0,87.0,52.0,60.0,71.0,88.0,0.0,0.692
380,Jonathan Schoop,7500000.0,687500.0,30.0,97.0,48.0,38.0,19.0,107.0,5.0,0.561
381,Kyle Schwarber,19000000.0,2305562.5,29.0,126.0,100.0,94.0,86.0,200.0,10.0,0.827
382,Frank Schwindel,700000.0,0.0,30.0,62.0,23.0,36.0,19.0,58.0,0.0,0.635
383,Corey Seager,33000000.0,4061250.0,28.0,145.0,91.0,83.0,58.0,103.0,3.0,0.772
384,Jean Segura,14850000.0,1305272.7272727273,32.0,98.0,45.0,33.0,25.0,58.0,13.0,0.723
385,Marcus Semien,25000000.0,2722222.222222222,31.0,163.0,101.0,83.0,53.0,120.0,25.0,0.733
386,Nick Senzel,1250000.0,0.0,27.0,86.0,45.0,25.0,30.0,76.0,8.0,0.601
387,Brian Serven,700000.0,0.0,27.0,38.0,19.0,16.0,13.0,44.0,0.0,0.593
388,Gavin Sheets,700000.0,0.0,26.0,91.0,34.0,53.0,27.0,86.0,0.0,0.706
389,Jose Siri,700000.0,0.0,26.0,64.0,53.0,24.0,20.0,108.0,14.0,0.607
391,Austin Slater,1850000.0,116666.66666666667,29.0,73.0,49.0,34.0,40.0,89.0,12.0,0.774
392,Dominic Smith,3950000.0,233333.33333333334,27.0,26.0,11.0,17.0,12.0,37.0,0.0,0.56
393,Josh Smith,700000.0,0.0,24.0,42.0,23.0,16.0,28.0,50.0,4.0,0.556
394,Kevin Smith,700000.0,0.0,25.0,25.0,9.0,13.0,7.0,42.0,4.0,0.518
395,Pavin Smith,700000.0,0.0,26.0,54.0,24.0,33.0,28.0,67.0,1.0,0.667
396,Will Smith,700000.0,0.0,27.0,132.0,68.0,87.0,56.0,96.0,1.0,0.807
397,Donovan Solano,4500000.0,449285.71428571426,34.0,79.0,22.0,24.0,19.0,61.0,0.0,0.724
398,Jorge Soler,12000000.0,436111.1111111111,30.0,56.0,32.0,34.0,31.0,90.0,0.0,0.695
399,Edmundo Sosa,700000.0,0.0,26.0,40.0,26.0,21.0,5.0,50.0,6.0,0.644
400,Juan Soto,700000.0,0.0,23.0,127.0,93.0,62.0,135.0,96.0,6.0,0.853
401,Juan Soto,17100000.0,0.0,23.0,127.0,93.0,62.0,135.0,96.0,6.0,0.853
402,George Springer,29666666.0,3239307.3333333335,32.0,137.0,89.0,76.0,54.0,100.0,14.0,0.814
403,Jacob Stallings,2450000.0,253500.0,32.0,77.0,25.0,34.0,29.0,83.0,0.0,0.584
404,Giancarlo Stanton,29000000.0,2598545.4545454546,32.0,84.0,53.0,78.0,50.0,137.0,0.0,0.759
405,Max Stassi,3000000.0,610725.0,31.0,60.0,32.0,30.0,38.0,112.0,0.0,0.571
406,Spencer Steer,700000.0,0.0,24.0,20.0,12.0,8.0,11.0,26.0,0.0,0.632
407,Tyler Stephenson,700000.0,0.0,25.0,53.0,24.0,35.0,12.0,47.0,1.0,0.854
408,Trevor Story,20000000.0,2784642.8571428573,29.0,85.0,53.0,66.0,32.0,122.0,13.0,0.737
409,Bryson Stott,700000.0,0.0,24.0,100.0,58.0,49.0,36.0,89.0,12.0,0.653
410,Myles Straw,1650000.0,0.0,27.0,118.0,72.0,32.0,54.0,87.0,21.0,0.564
411,Garrett Stubbs,700000.0,0.0,29.0,28.0,19.0,16.0,14.0,30.0,2.0,0.812
412,Eugenio Suarez,700000.0,1137857.111111111,30.0,128.0,76.0,87.0,73.0,196.0,0.0,0.791
413,Jack Suwinski,700000.0,0.0,23.0,66.0,45.0,38.0,41.0,114.0,4.0,0.709
414,Kurt Suzuki,1750000.0,120147.05882352941,38.0,25.0,10.0,15.0,15.0,29.0,0.0,0.561
415,Seiya Suzuki,8000000.0,6250000.0,27.0,104.0,54.0,46.0,42.0,110.0,9.0,0.77
416,Dansby Swanson,10000000.0,1351428.5714285714,28.0,177.0,99.0,96.0,49.0,182.0,18.0,0.776
417,Raimel Tapia,3950000.0,400000.0,28.0,109.0,47.0,52.0,16.0,81.0,8.0,0.672
418,Leody Taveras,700000.0,0.0,23.0,82.0,39.0,34.0,21.0,88.0,11.0,0.675
419,Chris Taylor,15000000.0,1803125.0,31.0,89.0,45.0,43.0,44.0,160.0,10.0,0.677
420,Michael A. Taylor,4500000.0,-1750000.0,31.0,105.0,49.0,43.0,35.0,109.0,4.0,0.67
421,Tyrone Taylor,700000.0,0.0,28.0,87.0,49.0,51.0,22.0,102.0,3.0,0.729
422,Rowdy Tellez,1940000.0,0.0,27.0,116.0,67.0,89.0,62.0,121.0,2.0,0.767
423,Alek Thomas,700000.0,0.0,22.0,88.0,45.0,39.0,22.0,74.0,4.0,0.619
424,Lane Thomas,700000.0,0.0,26.0,120.0,62.0,52.0,41.0,132.0,8.0,0.705
425,Bubba Thompson,700000.0,0.0,24.0,45.0,18.0,9.0,7.0,56.0,18.0,0.613
426,Trayce Thompson,700000.0,0.0,31.0,56.0,36.0,41.0,32.0,93.0,4.0,0.86
427,Michael Toglia,700000.0,0.0,23.0,24.0,10.0,12.0,9.0,44.0,1.0,0.653
428,Spencer Torkelson,700000.0,0.0,22.0,73.0,38.0,28.0,37.0,99.0,0.0,0.604
429,Abraham Toro,700000.0,0.0,25.0,60.0,36.0,35.0,22.0,65.0,2.0,0.563
430,Gleyber Torres,6250000.0,171040.0,25.0,135.0,73.0,76.0,39.0,129.0,10.0,0.761
431,Luis Torrens,700000.0,-1905000.0,26.0,34.0,13.0,15.0,12.0,50.0,0.0,0.581
432,Taylor Trammell,700000.0,0.0,24.0,20.0,15.0,10.0,13.0,33.0,2.0,0.686
433,Alan Trejo,700000.0,0.0,26.0,32.0,15.0,17.0,5.0,31.0,1.0,0.736
434,Jose Trevino,700000.0,0.0,29.0,83.0,39.0,43.0,15.0,62.0,2.0,0.671
435,Mike Trout,37116666.0,3052013.8333333335,30.0,124.0,85.0,80.0,54.0,139.0,1.0,0.999
436,Yoshi Tsutsugo,4000000.0,0.0,30.0,29.0,11.0,19.0,19.0,50.0,0.0,0.478
437,Kyle Tucker,700000.0,0.0,25.0,140.0,71.0,107.0,59.0,95.0,25.0,0.808
438,Justin Turner,20000000.0,1625732.5833333333,37.0,130.0,61.0,81.0,50.0,89.0,3.0,0.788
439,Trea Turner,21000000.0,1861887.5,29.0,194.0,101.0,100.0,45.0,131.0,27.0,0.809
440,Luis Urias,2550000.0,0.0,25.0,97.0,54.0,47.0,50.0,99.0,1.0,0.739
441,Ramon Urias,700000.0,0.0,28.0,100.0,50.0,51.0,30.0,98.0,1.0,0.72
442,Gio Urshela,6550000.0,679166.6666666666,30.0,143.0,61.0,64.0,41.0,96.0,1.0,0.767
443,Josh VanMeter,700000.0,0.0,27.0,32.0,15.0,14.0,19.0,45.0,4.0,0.558
444,Ildemaro Vargas,700000.0,-334000.0,30.0,55.0,19.0,23.0,8.0,23.0,3.0,0.691
445,Daulton Varsho,700000.0,0.0,25.0,125.0,79.0,74.0,46.0,145.0,16.0,0.745
446,Andrew Vaughn,700000.0,0.0,24.0,138.0,60.0,76.0,31.0,96.0,0.0,0.75
447,Terrin Vavra,700000.0,0.0,25.0,23.0,14.0,12.0,12.0,19.0,0.0,0.677
448,Christian Vazquez,700000.0,637444.4444444445,31.0,109.0,41.0,52.0,22.0,69.0,1.0,0.714
449,Christian Vazquez,7000000.0,637444.4444444445,31.0,109.0,41.0,52.0,22.0,69.0,1.0,0.714
450,Andrew Velazquez,700000.0,0.0,27.0,63.0,37.0,28.0,15.0,119.0,17.0,0.54
452,Alex Verdugo,3550000.0,-922500.0,26.0,166.0,75.0,74.0,42.0,86.0,1.0,0.732
453,Matt Vierling,700000.0,0.0,25.0,80.0,41.0,32.0,23.0,70.0,7.0,0.648
454,David Villar,700000.0,0.0,25.0,36.0,21.0,24.0,18.0,58.0,0.0,0.787
455,Jonathan Villar,4500000.0,181054.54545454544,31.0,42.0,25.0,18.0,15.0,59.0,7.0,0.562
456,Daniel Vogelbach,700000.0,168280.0,29.0,92.0,47.0,59.0,73.0,114.0,0.0,0.793
457,Daniel Vogelbach,800000.0,168280.0,29.0,92.0,47.0,59.0,73.0,114.0,0.0,0.793
458,Stephen Vogt,850000.0,-291666.6666666667,37.0,27.0,18.0,23.0,17.0,46.0,1.0,0.562
459,Luke Voit,700000.0,0.0,31.0,113.0,55.0,69.0,55.0,179.0,1.0,0.71
460,Luke Voit,5450000.0,0.0,31.0,113.0,55.0,69.0,55.0,179.0,1.0,0.71
461,Jason Vosler,700000.0,0.0,28.0,26.0,14.0,12.0,10.0,29.0,1.0,0.812
462,Joey Votto,25000000.0,1640666.6666666667,38.0,66.0,31.0,41.0,44.0,97.0,0.0,0.689
463,LaMonte Wade Jr.,700000.0,0.0,28.0,45.0,29.0,26.0,26.0,51.0,1.0,0.665
464,Tyler Wade,825000.0,0.0,27.0,32.0,22.0,8.0,10.0,33.0,8.0,0.544
465,Christian Walker,2600000.0,-66300.0,31.0,141.0,84.0,94.0,69.0,131.0,2.0,0.804
466,Taylor Walls,700000.0,0.0,25.0,70.0,53.0,33.0,52.0,120.0,10.0,0.553
467,Jared Walsh,700000.0,0.0,28.0,91.0,41.0,44.0,27.0,138.0,2.0,0.642
468,Taylor Ward,700000.0,0.0,28.0,139.0,73.0,65.0,60.0,120.0,5.0,0.833
469,Drew Waters,700000.0,0.0,23.0,23.0,14.0,18.0,12.0,40.0,0.0,0.803
470,Joey Wendle,4550000.0,383333.3333333333,32.0,90.0,27.0,32.0,15.0,50.0,12.0,0.658
471,Eli White,700000.0,0.0,28.0,21.0,16.0,10.0,11.0,41.0,12.0,0.578
472,Luke Williams,700000.0,0.0,25.0,30.0,21.0,6.0,9.0,44.0,11.0,0.602
473,Jesse Winker,6250000.0,522500.0,28.0,100.0,51.0,53.0,84.0,103.0,0.0,0.688
474,Patrick Wisdom,700000.0,0.0,30.0,97.0,67.0,66.0,53.0,183.0,8.0,0.725
476,Kolten Wong,8500000.0,722222.2222222222,31.0,108.0,65.0,47.0,46.0,88.0,17.0,0.77
477,Austin Wynns,700000.0,0.0,31.0,42.0,14.0,21.0,10.0,38.0,0.0,0.671
478,Mike Yastrzemski,3700000.0,0.0,31.0,104.0,73.0,57.0,61.0,141.0,5.0,0.697
479,Christian Yelich,26000000.0,2549500.0,30.0,145.0,99.0,57.0,88.0,162.0,19.0,0.738
480,Juan Yepez,700000.0,0.0,24.0,64.0,27.0,30.0,16.0,61.0,0.0,0.742
481,Seby Zavala,700000.0,0.0,28.0,48.0,22.0,21.0,19.0,64.0,0.0,0.729
482,Bradley Zimmer,700000.0,0.0,29.0,13.0,18.0,5.0,5.0,45.0,3.0,0.435
483,Mike Zunino,7000000.0,716600.0,31.0,17.0,7.0,16.0,6.0,46.0,0.0,0.499
