,Name,2022 Salary,Avg Career Salary Difference,Age,W,L,ERA,G,SV,IP,H,HR,SO,BB
0,Keegan Akin,700000.0,0.0,27.0,2.0,1.0,2.6,34.0,2.0,65.2,50.0,9.0,58.0,15.0
2,Bryan Baker,700000.0,0.0,27.0,4.0,3.0,3.98,50.0,0.0,52.0,48.0,2.0,56.0,20.0
5,Kyle Bradish,700000.0,0.0,25.0,1.0,5.0,6.25,15.0,0.0,72.0,92.0,15.0,73.0,27.0
13,Joey Krehbiel,700000.0,0.0,29.0,4.0,4.0,2.98,44.0,1.0,45.1,38.0,6.0,35.0,14.0
14,Dean Kremer,700000.0,0.0,26.0,5.0,4.0,3.45,14.0,0.0,75.2,80.0,7.0,59.0,18.0
16,Jorge Lopez,1500000.0,0.0,29.0,4.0,6.0,1.92,52.0,22.0,56.1,38.0,3.0,60.0,21.0
18,Jordan Lyles,6000000.0,574866.6666666666,31.0,9.0,9.0,4.61,25.0,0.0,138.2,159.0,19.0,119.0,45.0
25,Dillon Tate,700000.0,0.0,28.0,2.0,3.0,2.61,53.0,2.0,58.2,46.0,4.0,49.0,10.0
27,Austin Voth,700000.0,0.0,30.0,4.0,1.0,4.73,34.0,0.0,72.1,82.0,10.0,65.0,22.0
28,Spenser Watkins,700000.0,0.0,29.0,4.0,3.0,4.04,17.0,0.0,78.0,82.0,9.0,48.0,22.0
30,Tyler Wells,700000.0,0.0,27.0,7.0,6.0,3.9,20.0,0.0,94.2,82.0,14.0,68.0,23.0
31,Bruce Zimmermann,700000.0,0.0,27.0,2.0,5.0,5.85,14.0,0.0,67.2,89.0,18.0,46.0,11.0
35,Ryan Brasier,1400000.0,-1350000.0,34.0,0.0,2.0,5.85,51.0,1.0,47.2,56.0,6.0,49.0,10.0
36,Kutter Crawford,700000.0,0.0,26.0,3.0,5.0,5.14,19.0,0.0,68.1,67.0,11.0,67.0,23.0
37,Tyler Danish,700000.0,0.0,27.0,2.0,1.0,4.02,26.0,0.0,31.1,26.0,5.0,25.0,8.0
38,Austin Davis,700000.0,0.0,29.0,2.0,1.0,5.33,49.0,0.0,52.1,53.0,5.0,60.0,28.0
39,Jake Diekman,3500000.0,140166.66666666666,35.0,5.0,2.0,4.3,54.0,1.0,46.0,33.0,7.0,63.0,37.0
40,Nathan Eovaldi,17000000.0,2584461.5384615385,32.0,5.0,3.0,4.15,18.0,0.0,99.2,108.0,21.0,96.0,18.0
41,Jeurys Familia,700000.0,956403.9230769231,32.0,1.0,1.0,5.79,41.0,0.0,37.1,51.0,6.0,37.0,16.0
44,Rich Hill,5000000.0,-445079.38095238095,42.0,5.0,5.0,4.68,18.0,0.0,82.2,84.0,11.0,63.0,24.0
45,Tanner Houck,700000.0,0.0,26.0,5.0,4.0,3.15,32.0,8.0,60.0,49.0,3.0,56.0,22.0
48,Nick Pivetta,2650000.0,6714.285714285715,29.0,9.0,9.0,4.24,25.0,0.0,142.1,132.0,18.0,139.0,51.0
53,Hirokazu Sawamura,1200000.0,0.0,34.0,1.0,1.0,3.33,47.0,0.0,48.2,40.0,4.0,39.0,24.0
54,John Schreiber,700000.0,0.0,28.0,3.0,2.0,2.39,47.0,4.0,49.0,34.0,2.0,58.0,11.0
58,Michael Wacha,7000000.0,249000.0,30.0,8.0,1.0,2.28,15.0,0.0,83.0,62.0,7.0,63.0,24.0
59,Garrett Whitlock,720000.0,-3140000.0,26.0,3.0,2.0,3.03,24.0,5.0,68.1,54.0,7.0,69.0,13.0
60,Josh Winckowski,700000.0,0.0,24.0,5.0,7.0,5.83,13.0,0.0,63.1,76.0,10.0,38.0,23.0
61,Tanner Banks,700000.0,0.0,30.0,1.0,0.0,3.09,30.0,0.0,43.2,37.0,4.0,37.0,16.0
64,Dylan Cease,700000.0,0.0,26.0,12.0,6.0,2.27,25.0,0.0,139.0,101.0,12.0,182.0,61.0
66,Johnny Cueto,700000.0,343750.0625,36.0,6.0,5.0,2.58,18.0,0.0,118.2,113.0,11.0,73.0,25.0
67,Jake Diekman,700000.0,140166.66666666666,35.0,5.0,2.0,4.3,54.0,1.0,46.0,33.0,7.0,63.0,37.0
68,Matt Foster,700000.0,0.0,27.0,1.0,2.0,4.5,47.0,1.0,44.0,42.0,6.0,40.0,16.0
69,Lucas Giolito,7450000.0,2571.4285714285716,27.0,9.0,7.0,5.34,22.0,0.0,116.1,134.0,19.0,132.0,44.0
70,Kendall Graveman,8000000.0,171388.88888888888,31.0,3.0,2.0,2.66,50.0,6.0,50.2,51.0,5.0,51.0,19.0
72,Liam Hendriks,13333334.0,1551405.1538461538,33.0,2.0,3.0,2.93,43.0,28.0,43.0,34.0,5.0,62.0,11.0
74,Dallas Keuchel,18000000.0,2374275.0,34.0,2.0,7.0,8.53,12.0,0.0,50.2,76.0,10.0,38.0,27.0
75,Michael Kopech,700000.0,0.0,26.0,4.0,9.0,3.58,23.0,0.0,110.2,79.0,13.0,98.0,55.0
76,Jimmy Lambert,700000.0,0.0,27.0,1.0,2.0,2.73,26.0,0.0,33.0,27.0,2.0,32.0,15.0
77,Reynaldo Lopez,2625000.0,3571.4285714285716,28.0,5.0,3.0,3.14,44.0,0.0,48.2,43.0,0.0,52.0,8.0
78,Lance Lynn,700000.0,1126500.0833333333,35.0,3.0,5.0,5.3,13.0,0.0,71.1,76.0,14.0,75.0,12.0
79,Davis Martin,700000.0,0.0,25.0,2.0,3.0,4.25,8.0,0.0,36.0,33.0,5.0,26.0,10.0
80,Jose Ruiz,700000.0,0.0,27.0,1.0,0.0,4.66,50.0,0.0,48.1,45.0,7.0,53.0,25.0
83,Vince Velasquez,3000000.0,387111.1111111111,30.0,3.0,3.0,5.33,17.0,0.0,54.0,54.0,10.0,46.0,18.0
85,Shane Bieber,6000000.0,0.0,27.0,8.0,7.0,3.1,23.0,0.0,145.0,128.0,11.0,144.0,32.0
87,Aaron Civale,700000.0,0.0,27.0,2.0,5.0,5.37,15.0,0.0,68.2,74.0,8.0,70.0,18.0
88,Emmanuel Clase,700000.0,0.0,24.0,2.0,2.0,1.2,55.0,29.0,52.2,28.0,2.0,57.0,6.0
91,Enyel De Los Santos,700000.0,0.0,26.0,3.0,0.0,2.9,36.0,1.0,40.1,33.0,3.0,42.0,13.0
95,Sam Hentges,700000.0,0.0,25.0,3.0,2.0,3.02,42.0,0.0,44.2,37.0,3.0,49.0,14.0
99,Triston McKenzie,700000.0,0.0,24.0,9.0,9.0,3.11,23.0,0.0,141.2,101.0,20.0,138.0,35.0
100,Eli Morgan,700000.0,0.0,26.0,4.0,3.0,4.17,37.0,0.0,49.2,36.0,9.0,58.0,8.0
101,Konnor Pilkington,700000.0,0.0,24.0,1.0,2.0,4.17,12.0,0.0,45.1,49.0,4.0,40.0,24.0
102,Zach Plesac,700000.0,0.0,27.0,2.0,11.0,4.43,22.0,0.0,120.0,126.0,16.0,93.0,37.0
103,Cal Quantrill,2510000.0,0.0,27.0,9.0,5.0,3.77,23.0,0.0,136.0,129.0,17.0,88.0,37.0
105,Nick Sandlin,700000.0,0.0,25.0,5.0,2.0,2.18,34.0,0.0,33.0,20.0,2.0,29.0,19.0
106,Bryan Shaw,3000000.0,668083.3333333334,34.0,6.0,2.0,5.36,47.0,1.0,43.2,42.0,7.0,38.0,21.0
107,Trevor Stephan,700000.0,0.0,26.0,4.0,3.0,2.44,48.0,2.0,48.0,44.0,2.0,62.0,12.0
110,Tyler Alexander,700000.0,0.0,27.0,3.0,7.0,4.03,19.0,0.0,60.1,62.0,7.0,30.0,14.0
113,Beau Brieske,700000.0,0.0,24.0,3.0,6.0,4.19,15.0,0.0,81.2,73.0,14.0,54.0,25.0
115,Luis Castillo,700000.0,312.5,29.0,5.0,5.0,2.93,18.0,0.0,110.2,85.0,9.0,119.0,35.0
117,Andrew Chafin,6000000.0,655518.1818181818,32.0,0.0,2.0,3.02,47.0,1.0,41.2,33.0,3.0,54.0,10.0
121,Alex Faedo,700000.0,0.0,26.0,1.0,5.0,5.53,12.0,0.0,53.2,63.0,7.0,44.0,25.0
122,Jason Foley,700000.0,0.0,26.0,1.0,0.0,2.87,45.0,0.0,47.0,51.0,0.0,30.0,10.0
123,Michael Fulmer,4950000.0,364014.28571428574,29.0,4.0,5.0,3.0,50.0,2.0,48.0,37.0,2.0,50.0,23.0
125,Rony Garcia,700000.0,0.0,24.0,3.0,3.0,4.41,16.0,0.0,51.0,40.0,9.0,48.0,13.0
126,Garrett Hill,700000.0,0.0,26.0,3.0,3.0,4.22,8.0,0.0,42.2,38.0,6.0,21.0,18.0
127,Drew Hutchison,700000.0,90766.66666666667,31.0,1.0,7.0,4.06,21.0,0.0,71.0,72.0,5.0,45.0,31.0
128,Joe Jimenez,1790000.0,185333.33333333334,27.0,3.0,2.0,3.33,53.0,1.0,48.2,39.0,3.0,67.0,12.0
129,Alex Lange,700000.0,0.0,26.0,4.0,3.0,3.54,54.0,0.0,48.1,38.0,3.0,64.0,23.0
131,Matt Manning,700000.0,0.0,24.0,0.0,1.0,2.81,6.0,0.0,32.0,28.0,3.0,23.0,9.0
133,Daniel Norris,700000.0,247191.66666666666,29.0,0.0,4.0,5.75,30.0,0.0,40.2,32.0,8.0,48.0,26.0
134,Wily Peralta,100000.0,101000.0,33.0,2.0,0.0,2.58,28.0,0.0,38.1,34.0,2.0,32.0,24.0
135,Michael Pineda,5750000.0,1692888.888888889,33.0,2.0,6.0,5.27,10.0,0.0,42.2,52.0,11.0,23.0,6.0
136,Eduardo Rodriguez,14000000.0,2289857.1428571427,29.0,2.0,3.0,3.89,9.0,0.0,44.0,39.0,4.0,39.0,20.0
138,Tarik Skubal,700000.0,0.0,25.0,7.0,8.0,3.52,21.0,0.0,117.2,104.0,9.0,117.0,32.0
139,Gregory Soto,700000.0,0.0,27.0,2.0,7.0,3.02,46.0,23.0,44.2,33.0,1.0,43.0,20.0
140,Will Vest,700000.0,0.0,27.0,3.0,3.0,3.75,43.0,1.0,48.0,41.0,3.0,47.0,18.0
142,Bryan Abreu,700000.0,0.0,25.0,4.0,0.0,2.27,38.0,2.0,43.2,35.0,1.0,65.0,19.0
146,Luis Garcia,700000.0,36538.46153846154,25.0,10.0,8.0,4.09,22.0,0.0,123.1,106.0,19.0,127.0,39.0
147,Luis Garcia,700000.0,36538.46153846154,35.0,4.0,6.0,3.55,48.0,3.0,45.2,45.0,3.0,49.0,13.0
148,Cristian Javier,700000.0,0.0,25.0,7.0,8.0,2.88,23.0,0.0,112.1,72.0,14.0,146.0,40.0
149,Seth Martinez,700000.0,0.0,27.0,0.0,1.0,2.48,23.0,0.0,32.2,21.0,3.0,31.0,13.0
150,Phil Maton,1550000.0,0.0,29.0,0.0,2.0,4.47,51.0,0.0,48.1,48.0,8.0,50.0,18.0
152,Rafael Montero,2725000.0,-1469444.4444444445,31.0,4.0,2.0,2.49,53.0,7.0,50.2,36.0,2.0,54.0,20.0
154,Hector Neris,8000000.0,498333.3333333333,33.0,4.0,4.0,3.68,54.0,2.0,51.1,38.0,2.0,57.0,14.0
155,Jake Odorizzi,8000000.0,708075.0,32.0,5.0,5.0,3.95,16.0,0.0,79.2,78.0,10.0,61.0,23.0
157,Ryan Pressly,10000000.0,709545.4545454546,33.0,3.0,3.0,3.11,39.0,25.0,37.2,26.0,2.0,46.0,9.0
158,Will Smith,700000.0,961291.6666666666,32.0,0.0,1.0,4.4,50.0,5.0,45.0,46.0,9.0,49.0,23.0
159,Ryne Stanek,2100000.0,0.0,30.0,1.0,1.0,1.28,46.0,1.0,42.1,30.0,2.0,47.0,27.0
161,Jose Urquidy,700000.0,0.0,27.0,12.0,4.0,3.63,23.0,0.0,134.0,124.0,21.0,104.0,28.0
162,Framber Valdez,3000000.0,0.0,28.0,12.0,4.0,2.72,23.0,0.0,149.0,118.0,7.0,134.0,52.0
163,Justin Verlander,25000000.0,3001111.111111111,39.0,16.0,3.0,1.87,23.0,0.0,149.0,101.0,12.0,148.0,25.0
164,Albert Abreu,700000.0,0.0,26.0,2.0,2.0,3.32,32.0,0.0,38.0,34.0,5.0,38.0,22.0
165,Scott Barlow,2400000.0,0.0,29.0,5.0,4.0,2.15,53.0,20.0,58.2,45.0,7.0,59.0,15.0
168,Kris Bubic,700000.0,0.0,24.0,2.0,8.0,5.29,21.0,0.0,95.1,109.0,12.0,80.0,48.0
170,Taylor Clarke,975000.0,0.0,29.0,3.0,1.0,4.02,44.0,2.0,47.0,48.0,6.0,44.0,8.0
171,Dylan Coleman,700000.0,0.0,25.0,3.0,1.0,2.81,52.0,0.0,51.1,36.0,5.0,53.0,33.0
173,Amir Garrett,2025000.0,3333.3333333333335,30.0,3.0,1.0,4.08,44.0,0.0,35.1,16.0,0.0,36.0,26.0
174,Zack Greinke,13000000.0,2198750.0,38.0,4.0,8.0,4.14,21.0,0.0,108.2,126.0,14.0,64.0,21.0
177,Carlos Hernandez,700000.0,0.0,25.0,0.0,3.0,8.62,11.0,0.0,39.2,58.0,6.0,24.0,23.0
178,Brad Keller,4825000.0,-124375.0,26.0,6.0,13.0,5.18,24.0,0.0,125.0,135.0,16.0,87.0,47.0
181,Daniel Lynch,700000.0,0.0,25.0,4.0,8.0,4.58,20.0,0.0,98.1,107.0,12.0,91.0,42.0
184,Joel Payamps,700000.0,0.0,28.0,2.0,3.0,3.02,30.0,0.0,44.2,48.0,5.0,35.0,16.0
186,Brady Singer,700000.0,0.0,25.0,6.0,4.0,3.27,20.0,0.0,110.0,97.0,13.0,114.0,29.0
189,Josh Staumont,700000.0,0.0,28.0,3.0,3.0,6.45,42.0,3.0,37.2,37.0,3.0,43.0,29.0
195,Jaime Barria,700000.0,0.0,25.0,2.0,2.0,2.58,25.0,0.0,66.1,48.0,9.0,46.0,16.0
197,Jesse Chavez,700000.0,297047.61904761905,38.0,2.0,1.0,3.76,43.0,0.0,52.2,58.0,6.0,57.0,16.0
198,Tucker Davidson,700000.0,0.0,26.0,2.0,4.0,6.23,7.0,0.0,30.1,31.0,3.0,16.0,22.0
199,Reid Detmers,700000.0,0.0,22.0,4.0,4.0,3.66,19.0,0.0,98.1,77.0,13.0,94.0,36.0
202,Jimmy Herget,700000.0,0.0,28.0,1.0,1.0,2.96,32.0,2.0,48.2,36.0,4.0,46.0,9.0
203,Raisel Iglesias,10000000.0,190476.11111111112,32.0,2.0,6.0,3.45,49.0,17.0,44.1,34.0,5.0,56.0,12.0
205,Michael Lorenzen,7000000.0,489187.5,30.0,6.0,6.0,4.94,13.0,0.0,71.0,66.0,8.0,55.0,30.0
206,Aaron Loup,7500000.0,193191.66666666666,34.0,0.0,4.0,4.14,50.0,0.0,45.2,43.0,4.0,48.0,18.0
211,Shohei Ohtani,5500000.0,-488750.0,27.0,10.0,8.0,2.83,21.0,0.0,121.0,101.0,14.0,167.0,32.0
212,Oliver Ortega,700000.0,0.0,25.0,1.0,3.0,3.71,27.0,1.0,34.0,32.0,5.0,33.0,18.0
216,Patrick Sandoval,700000.0,0.0,25.0,4.0,8.0,3.14,20.0,0.0,109.0,104.0,5.0,115.0,49.0
218,Jose Suarez,700000.0,0.0,24.0,4.0,6.0,4.19,16.0,0.0,73.0,71.0,10.0,71.0,27.0
219,Noah Syndergaard,21000000.0,1145578.125,29.0,8.0,8.0,3.77,19.0,0.0,105.0,103.0,11.0,77.0,26.0
220,Ryan Tepera,7000000.0,-1523577.7777777778,34.0,2.0,2.0,3.68,45.0,2.0,44.0,30.0,4.0,33.0,18.0
223,Andrew Wantz,700000.0,0.0,26.0,1.0,0.0,3.06,29.0,0.0,35.1,27.0,5.0,33.0,13.0
226,Chris Archer,2750000.0,431818.1818181818,33.0,2.0,6.0,4.02,21.0,0.0,87.1,68.0,9.0,76.0,42.0
227,Dylan Bundy,4000000.0,1102500.0,29.0,7.0,5.0,4.6,21.0,0.0,103.2,105.0,15.0,77.0,22.0
229,Jharel Cotton,700000.0,0.0,30.0,2.0,2.0,2.83,25.0,0.0,35.0,23.0,7.0,31.0,16.0
231,Tyler Duffey,3800000.0,512500.0,31.0,2.0,4.0,4.91,40.0,2.0,44.0,45.0,8.0,39.0,15.0
232,Jhoan Duran,700000.0,0.0,24.0,1.0,3.0,2.01,45.0,6.0,53.2,41.0,6.0,70.0,12.0
233,Michael Fulmer,700000.0,364014.28571428574,29.0,4.0,5.0,3.0,50.0,2.0,48.0,37.0,2.0,50.0,23.0
236,Sonny Gray,700000.0,601515.1818181818,32.0,7.0,4.0,3.1,19.0,0.0,95.2,79.0,9.0,95.0,28.0
238,Griffin Jax,700000.0,0.0,27.0,5.0,3.0,3.67,47.0,1.0,56.1,45.0,6.0,64.0,17.0
239,Jorge Lopez,700000.0,0.0,29.0,4.0,6.0,1.92,52.0,22.0,56.1,38.0,3.0,60.0,21.0
240,Tyler Mahle,700000.0,3571.4285714285716,27.0,6.0,7.0,4.17,22.0,0.0,118.2,99.0,15.0,126.0,43.0
241,Trevor Megill,100000.0,0.0,28.0,3.0,1.0,3.31,27.0,0.0,32.2,30.0,3.0,32.0,11.0
244,Bailey Ober,700000.0,0.0,26.0,1.0,2.0,4.01,7.0,0.0,33.2,36.0,2.0,29.0,7.0
246,Emilio Pagan,700000.0,0.0,31.0,4.0,6.0,5.13,47.0,9.0,47.1,51.0,11.0,64.0,18.0
249,Joe Ryan,700000.0,0.0,26.0,9.0,6.0,3.86,20.0,0.0,107.1,90.0,17.0,105.0,31.0
250,Aaron Sanchez,700000.0,177840.0,29.0,3.0,4.0,7.36,9.0,0.0,40.1,57.0,6.0,28.0,11.0
252,Devin Smeltzer,700000.0,0.0,26.0,4.0,2.0,3.97,13.0,0.0,65.2,64.0,13.0,38.0,17.0
255,Caleb Thielbar,1300000.0,0.0,35.0,2.0,2.0,4.06,50.0,1.0,44.1,38.0,4.0,59.0,16.0
257,Josh Winder,700000.0,0.0,25.0,4.0,3.0,3.77,10.0,0.0,45.1,42.0,6.0,29.0,14.0
258,Albert Abreu,700000.0,0.0,26.0,2.0,2.0,3.32,32.0,0.0,38.0,34.0,5.0,38.0,22.0
261,Aroldis Chapman,16000000.0,651785.7142857143,34.0,2.0,3.0,4.7,36.0,9.0,30.2,22.0,4.0,35.0,22.0
262,Gerrit Cole,36000000.0,5548750.0,31.0,9.0,6.0,3.41,25.0,0.0,150.1,118.0,21.0,189.0,37.0
263,Nestor Cortes,700000.0,0.0,27.0,9.0,4.0,2.68,23.0,0.0,131.0,96.0,16.0,133.0,30.0
264,Scott Effross,700000.0,0.0,28.0,1.0,4.0,2.75,55.0,2.0,52.1,43.0,3.0,58.0,13.0
265,Domingo German,1750000.0,0.0,29.0,2.0,2.0,3.89,7.0,0.0,34.2,35.0,5.0,26.0,9.0
269,Clay Holmes,1100000.0,0.0,29.0,5.0,3.0,2.39,49.0,17.0,49.0,34.0,1.0,51.0,16.0
270,Michael King,700000.0,0.0,27.0,6.0,3.0,2.29,34.0,1.0,51.0,35.0,3.0,66.0,16.0
272,Lucas Luetge,905000.0,-121950.0,35.0,3.0,4.0,2.74,38.0,1.0,42.2,41.0,3.0,42.0,14.0
273,Ron Marinaccio,700000.0,0.0,26.0,1.0,0.0,1.72,27.0,0.0,31.1,10.0,1.0,37.0,15.0
275,Frankie Montas,700000.0,0.0,29.0,4.0,10.0,3.84,23.0,0.0,124.1,115.0,14.0,123.0,35.0
276,Jordan Montgomery,6000000.0,-17142.85714285714,29.0,7.0,3.0,3.08,25.0,0.0,140.1,116.0,15.0,121.0,26.0
277,Wandy Peralta,2150000.0,-423888.8888888889,30.0,2.0,3.0,2.44,47.0,2.0,48.0,33.0,2.0,38.0,17.0
278,Clarke Schmidt,700000.0,0.0,26.0,5.0,2.0,2.18,17.0,2.0,33.0,23.0,2.0,29.0,18.0
279,JP Sears,700000.0,0.0,26.0,5.0,0.0,1.93,10.0,0.0,37.1,27.0,2.0,23.0,9.0
280,Luis Severino,11500000.0,1461242.857142857,28.0,5.0,3.0,3.45,16.0,0.0,86.0,67.0,14.0,95.0,25.0
281,Jameson Taillon,5800000.0,-950000.0,30.0,11.0,4.0,4.0,24.0,0.0,132.2,126.0,20.0,113.0,24.0
282,Lou Trivino,700000.0,0.0,30.0,2.0,7.0,5.27,50.0,10.0,41.0,53.0,5.0,52.0,19.0
284,Domingo Acevedo,700000.0,0.0,28.0,3.0,2.0,3.38,56.0,0.0,56.0,41.0,8.0,46.0,13.0
286,Paul Blackburn,700000.0,0.0,28.0,7.0,6.0,4.28,21.0,0.0,111.1,110.0,15.0,89.0,30.0
289,Cole Irvin,700000.0,0.0,28.0,6.0,11.0,3.33,22.0,0.0,135.1,118.0,17.0,87.0,26.0
290,Zach Jackson,700000.0,0.0,27.0,2.0,3.0,2.85,53.0,3.0,47.1,27.0,1.0,66.0,32.0
291,Daulton Jefferies,700000.0,0.0,26.0,1.0,7.0,5.72,8.0,0.0,39.1,46.0,4.0,28.0,8.0
292,Dany Jimenez,700000.0,0.0,28.0,3.0,4.0,3.27,33.0,11.0,33.0,22.0,1.0,34.0,18.0
293,James Kaprielian,700000.0,0.0,28.0,3.0,7.0,4.29,20.0,0.0,100.2,89.0,15.0,71.0,44.0
297,Zach Logue,700000.0,0.0,26.0,3.0,8.0,6.04,11.0,0.0,50.2,54.0,11.0,38.0,17.0
301,Sam Moll,700000.0,0.0,30.0,2.0,1.0,2.79,47.0,0.0,38.2,30.0,5.0,42.0,19.0
302,Frankie Montas,5025000.0,0.0,29.0,4.0,10.0,3.84,23.0,0.0,124.1,115.0,14.0,123.0,35.0
304,Adam Oller,700000.0,0.0,27.0,2.0,6.0,6.41,16.0,0.0,60.1,69.0,13.0,37.0,33.0
305,Joel Payamps,700000.0,0.0,28.0,2.0,3.0,3.02,30.0,0.0,44.2,48.0,5.0,35.0,16.0
307,Austin Pruitt,700000.0,0.0,32.0,0.0,1.0,4.78,27.0,1.0,37.2,36.0,7.0,27.0,8.0
308,A.J. Puk,700000.0,0.0,27.0,2.0,1.0,2.68,47.0,3.0,50.1,38.0,4.0,55.0,13.0
310,JP Sears,700000.0,0.0,26.0,5.0,0.0,1.93,10.0,0.0,37.1,27.0,2.0,23.0,9.0
312,Kirby Snead,700000.0,0.0,27.0,1.0,0.0,5.91,33.0,0.0,32.0,37.0,5.0,26.0,20.0
314,Lou Trivino,3000000.0,0.0,30.0,2.0,7.0,5.27,50.0,10.0,41.0,53.0,5.0,52.0,19.0
317,Matt Brash,700000.0,0.0,24.0,3.0,4.0,5.25,21.0,0.0,36.0,37.0,3.0,43.0,24.0
318,Diego Castillo,2150000.0,0.0,28.0,7.0,2.0,3.54,44.0,6.0,40.2,31.0,3.0,42.0,19.0
319,Luis Castillo,700000.0,312.5,29.0,5.0,5.0,2.93,18.0,0.0,110.2,85.0,9.0,119.0,35.0
321,Matthew Festa,700000.0,0.0,29.0,2.0,0.0,3.79,39.0,2.0,38.0,30.0,6.0,50.0,11.0
322,Chris Flexen,3050000.0,0.0,27.0,7.0,9.0,3.83,23.0,0.0,120.0,118.0,16.0,83.0,47.0
323,Logan Gilbert,700000.0,0.0,25.0,10.0,5.0,3.52,25.0,0.0,143.1,137.0,17.0,131.0,41.0
325,Marco Gonzales,5750000.0,538888.8888888889,30.0,8.0,12.0,4.08,24.0,0.0,134.2,148.0,21.0,75.0,42.0
326,George Kirby,700000.0,0.0,24.0,5.0,3.0,3.47,17.0,0.0,90.2,96.0,12.0,93.0,13.0
331,Andres Munoz,700000.0,0.0,23.0,2.0,4.0,2.54,49.0,2.0,49.2,34.0,5.0,79.0,13.0
332,Penn Murfee,700000.0,0.0,28.0,3.0,0.0,2.72,48.0,0.0,53.0,34.0,5.0,58.0,11.0
335,Robbie Ray,21000000.0,890900.0,30.0,10.0,8.0,3.75,25.0,0.0,148.2,121.0,24.0,173.0,53.0
337,Paul Sewald,1735000.0,-44166.666666666664,32.0,3.0,3.0,2.36,50.0,16.0,49.2,21.0,6.0,55.0,12.0
340,Erik Swanson,700000.0,0.0,28.0,2.0,0.0,0.9,42.0,3.0,40.0,27.0,2.0,51.0,7.0
343,Jason Adam,900000.0,0.0,30.0,1.0,2.0,1.07,54.0,7.0,50.2,21.0,2.0,62.0,11.0
344,Shawn Armstrong,700000.0,-281818.1818181818,31.0,2.0,1.0,4.71,37.0,1.0,42.0,47.0,5.0,47.0,11.0
347,Jalen Beeks,750000.0,0.0,28.0,2.0,3.0,2.63,33.0,1.0,51.1,44.0,6.0,59.0,19.0
356,Ralph Garza,700000.0,0.0,28.0,2.0,2.0,3.34,19.0,0.0,35.0,38.0,4.0,17.0,16.0
359,Corey Kluber,8000000.0,1888183.3333333333,36.0,8.0,7.0,4.2,24.0,0.0,128.2,131.0,15.0,114.0,18.0
362,Shane McClanahan,700000.0,0.0,25.0,11.0,5.0,2.29,23.0,0.0,141.1,93.0,15.0,173.0,29.0
367,Colin Poche,700000.0,0.0,28.0,4.0,1.0,3.0,45.0,7.0,42.0,31.0,9.0,41.0,15.0
368,Brooks Raley,4250000.0,0.0,34.0,1.0,1.0,2.32,47.0,6.0,42.2,29.0,1.0,52.0,11.0
369,Drew Rasmussen,700000.0,0.0,26.0,8.0,4.0,2.82,21.0,0.0,105.1,85.0,8.0,90.0,26.0
372,Jeffrey Springs,948000.0,0.0,29.0,6.0,3.0,2.46,25.0,0.0,95.0,81.0,11.0,102.0,22.0
373,Ryan Thompson,700000.0,0.0,30.0,3.0,3.0,3.51,45.0,3.0,41.0,34.0,4.0,36.0,11.0
374,Matt Wisler,2160000.0,38636.36363636364,29.0,3.0,3.0,2.36,38.0,1.0,42.0,29.0,6.0,34.0,14.0
376,Ryan Yarbrough,3850000.0,3680.0,30.0,1.0,7.0,4.43,15.0,0.0,65.0,68.0,8.0,51.0,16.0
377,Albert Abreu,700000.0,0.0,26.0,2.0,2.0,3.32,32.0,0.0,38.0,34.0,5.0,38.0,22.0
381,Joe Barlow,700000.0,0.0,26.0,3.0,1.0,3.16,31.0,13.0,31.1,24.0,4.0,24.0,9.0
382,Brock Burke,700000.0,0.0,25.0,6.0,3.0,1.23,42.0,0.0,65.2,48.0,6.0,71.0,16.0
383,Matt Bush,700000.0,1838.3333333333333,36.0,2.0,2.0,3.15,50.0,3.0,45.2,35.0,6.0,57.0,13.0
385,Dane Dunning,700000.0,0.0,27.0,3.0,6.0,4.19,24.0,0.0,129.0,127.0,14.0,112.0,50.0
386,Jon Gray,15000000.0,686312.5,30.0,7.0,6.0,3.83,19.0,0.0,103.1,87.0,12.0,116.0,34.0
387,Taylor Hearn,1050000.0,-3487500.0,27.0,5.0,7.0,5.25,22.0,1.0,82.1,89.0,10.0,79.0,37.0
390,Spencer Howard,700000.0,0.0,25.0,2.0,4.0,7.41,10.0,0.0,37.2,50.0,12.0,32.0,15.0
391,John King,700000.0,0.0,27.0,1.0,3.0,4.67,31.0,0.0,34.2,41.0,4.0,24.0,13.0
392,Jose Leclerc,5250000.0,208333.33333333334,28.0,0.0,1.0,3.19,23.0,1.0,31.0,21.0,4.0,30.0,11.0
393,Brett Martin,1025000.0,-1056250.0,27.0,1.0,7.0,3.83,47.0,3.0,42.1,40.0,4.0,33.0,14.0
395,Matt Moore,100000.0,-41666.666666666664,33.0,4.0,2.0,2.05,45.0,3.0,57.0,40.0,2.0,63.0,32.0
396,Glenn Otto,700000.0,0.0,26.0,5.0,8.0,4.66,19.0,0.0,94.2,80.0,13.0,71.0,52.0
398,Martin Perez,4000000.0,364363.63636363635,31.0,9.0,4.0,2.8,24.0,0.0,148.0,129.0,11.0,132.0,49.0
400,Garrett Richards,4500000.0,667083.3333333334,34.0,1.0,1.0,5.27,32.0,1.0,42.2,44.0,3.0,36.0,13.0
401,Dennis Santana,700000.0,0.0,26.0,3.0,6.0,5.09,46.0,1.0,40.2,34.0,1.0,33.0,18.0
407,Anthony Bass,700000.0,-21691.666666666668,34.0,3.0,3.0,1.36,54.0,0.0,53.0,36.0,2.0,52.0,12.0
409,Jose Berrios,10714286.0,691250.0,28.0,9.0,5.0,5.39,24.0,0.0,128.2,144.0,26.0,117.0,32.0
412,Adam Cimber,1575000.0,0.0,31.0,9.0,5.0,3.27,56.0,4.0,52.1,49.0,5.0,44.0,11.0
415,Yimi Garcia,4500000.0,22222.222222222223,31.0,2.0,4.0,2.74,44.0,1.0,42.2,29.0,4.0,40.0,10.0
416,Kevin Gausman,21000000.0,2758125.0,31.0,9.0,9.0,2.99,23.0,0.0,129.1,138.0,7.0,149.0,22.0
419,Yusei Kikuchi,16000000.0,1750000.0,31.0,4.0,7.0,5.25,22.0,0.0,84.0,77.0,19.0,94.0,53.0
421,Alek Manoah,700000.0,0.0,24.0,12.0,6.0,2.66,24.0,0.0,148.2,117.0,14.0,139.0,37.0
422,Tim Mayza,1250000.0,0.0,30.0,5.0,0.0,2.88,41.0,0.0,34.1,30.0,4.0,27.0,9.0
424,David Phelps,700000.0,218275.0,35.0,0.0,2.0,2.5,52.0,1.0,50.1,40.0,0.0,52.0,23.0
426,Trevor Richards,1000000.0,0.0,29.0,3.0,1.0,4.91,47.0,0.0,47.2,42.0,9.0,58.0,27.0
427,Jordan Romano,700000.0,0.0,29.0,4.0,3.0,2.4,45.0,26.0,45.0,31.0,4.0,50.0,15.0
431,Ross Stripling,3790000.0,195000.0,32.0,6.0,3.0,2.84,25.0,1.0,95.0,83.0,6.0,80.0,16.0
432,Trent Thornton,850000.0,-996250.0,28.0,0.0,2.0,4.3,31.0,0.0,44.0,40.0,7.0,36.0,16.0
434,Mitch White,700000.0,0.0,27.0,1.0,3.0,3.63,18.0,0.0,69.1,67.0,6.0,57.0,23.0
435,Madison Bumgarner,23000000.0,1325000.0,32.0,6.0,13.0,4.53,25.0,0.0,133.0,147.0,19.0,97.0,43.0
436,Humberto Castellanos,700000.0,0.0,24.0,3.0,2.0,5.68,11.0,0.0,44.1,50.0,7.0,32.0,12.0
437,Zach Davies,1500000.0,1010475.0,29.0,2.0,4.0,3.86,20.0,0.0,102.2,86.0,15.0,75.0,36.0
441,Zac Gallen,700000.0,0.0,26.0,9.0,2.0,2.78,23.0,0.0,132.2,93.0,11.0,132.0,35.0
442,Tyler Gilbert,700000.0,0.0,28.0,0.0,3.0,5.24,8.0,0.0,34.1,33.0,8.0,20.0,10.0
448,Merrill Kelly,5250000.0,-664583.5,33.0,10.0,5.0,2.87,25.0,0.0,150.1,125.0,9.0,128.0,47.0
449,Ian Kennedy,4750000.0,658901.3888888889,37.0,4.0,6.0,3.27,46.0,8.0,41.1,37.0,6.0,37.0,16.0
450,Dallas Keuchel,700000.0,2374275.0,34.0,2.0,7.0,8.53,12.0,0.0,50.2,76.0,10.0,38.0,27.0
451,Joe Mantiply,700000.0,0.0,31.0,2.0,4.0,2.13,55.0,2.0,50.2,44.0,3.0,52.0,4.0
453,Mark Melancon,6000000.0,901705.8823529412,37.0,3.0,10.0,5.06,48.0,17.0,42.2,51.0,2.0,30.0,18.0
455,Kyle Nelson,700000.0,0.0,25.0,1.0,0.0,1.57,38.0,0.0,34.1,23.0,1.0,27.0,8.0
459,Noe Ramirez,1250000.0,35150.0,32.0,4.0,3.0,4.53,52.0,0.0,47.2,42.0,8.0,50.0,24.0
460,Caleb Smith,2000000.0,30928.571428571428,30.0,1.0,1.0,4.66,31.0,0.0,48.1,46.0,11.0,46.0,29.0
465,Ian Anderson,700000.0,0.0,24.0,10.0,6.0,5.0,22.0,0.0,111.2,115.0,12.0,97.0,54.0
467,Jesse Chavez,700000.0,297047.61904761905,38.0,2.0,1.0,3.76,43.0,0.0,52.2,58.0,6.0,57.0,16.0
469,Tucker Davidson,700000.0,0.0,26.0,2.0,4.0,6.23,7.0,0.0,30.1,31.0,3.0,16.0,22.0
472,Max Fried,6850000.0,0.0,28.0,12.0,4.0,2.52,24.0,0.0,153.1,131.0,8.0,140.0,26.0
473,Raisel Iglesias,700000.0,190476.11111111112,32.0,2.0,6.0,3.45,49.0,17.0,44.1,34.0,5.0,56.0,12.0
474,Kenley Jansen,16000000.0,1506461.5384615385,34.0,5.0,0.0,3.04,47.0,29.0,47.1,33.0,5.0,64.0,15.0
475,Dylan Lee,700000.0,0.0,27.0,3.0,1.0,2.72,32.0,0.0,36.1,33.0,4.0,42.0,6.0
477,Collin McHugh,4000000.0,716700.0,35.0,2.0,2.0,2.82,43.0,0.0,54.1,41.0,4.0,57.0,11.0
478,A.J. Minter,2200000.0,-296666.6666666667,28.0,5.0,3.0,2.26,56.0,5.0,51.2,38.0,2.0,70.0,8.0
479,Charlie Morton,20000000.0,2158500.0,38.0,6.0,5.0,3.99,24.0,0.0,135.1,112.0,18.0,164.0,47.0
483,Jake Odorizzi,700000.0,708075.0,32.0,5.0,5.0,3.95,16.0,0.0,79.2,78.0,10.0,61.0,23.0
484,Will Smith,13000000.0,961291.6666666666,32.0,0.0,1.0,4.4,50.0,5.0,45.0,46.0,9.0,49.0,23.0
485,Jackson Stephens,700000.0,0.0,28.0,2.0,2.0,3.3,31.0,2.0,43.2,38.0,2.0,43.0,18.0
486,Spencer Strider,700000.0,0.0,23.0,7.0,4.0,2.95,26.0,0.0,100.2,66.0,6.0,151.0,37.0
490,Kyle Wright,700000.0,0.0,26.0,15.0,5.0,3.14,23.0,0.0,140.2,124.0,16.0,136.0,40.0
497,Jesse Chavez,700000.0,297047.61904761905,38.0,2.0,1.0,3.76,43.0,0.0,52.2,58.0,6.0,57.0,16.0
499,Scott Effross,700000.0,0.0,28.0,1.0,4.0,2.75,55.0,2.0,52.1,43.0,3.0,58.0,13.0
501,Mychal Givens,3500000.0,243545.45454545456,32.0,6.0,3.0,3.83,50.0,2.0,49.1,46.0,8.0,60.0,20.0
503,Kyle Hendricks,14000000.0,3043333.3333333335,32.0,4.0,6.0,4.8,16.0,0.0,84.1,85.0,15.0,66.0,24.0
504,Brandon Hughes,700000.0,0.0,26.0,2.0,1.0,3.07,39.0,3.0,41.0,29.0,7.0,52.0,13.0
507,Chris Martin,2500000.0,665441.6666666666,36.0,4.0,0.0,3.73,44.0,0.0,41.0,42.0,6.0,52.0,4.0
512,Daniel Norris,1750000.0,247191.66666666666,29.0,0.0,4.0,5.75,30.0,0.0,40.2,32.0,8.0,48.0,26.0
515,David Robertson,3500000.0,537073.4375,37.0,3.0,1.0,2.2,44.0,17.0,49.0,29.0,5.0,62.0,22.0
517,Michael Rucker,700000.0,0.0,28.0,3.0,1.0,4.1,26.0,0.0,37.1,34.0,3.0,32.0,12.0
518,Adrian Sampson,100000.0,0.0,30.0,1.0,4.0,4.04,13.0,0.0,62.1,66.0,7.0,48.0,16.0
521,Drew Smyly,4250000.0,488363.63636363635,33.0,5.0,7.0,3.47,17.0,0.0,83.0,82.0,12.0,71.0,19.0
522,Justin Steele,700000.0,0.0,26.0,4.0,7.0,3.25,23.0,0.0,113.2,107.0,7.0,120.0,46.0
525,Marcus Stroman,25000000.0,1942811.111111111,31.0,3.0,5.0,3.83,17.0,0.0,91.2,80.0,12.0,83.0,25.0
526,Matt Swarmer,700000.0,0.0,28.0,2.0,3.0,5.03,11.0,0.0,34.0,33.0,12.0,36.0,20.0
527,Keegan Thompson,700000.0,0.0,27.0,9.0,5.0,3.97,25.0,0.0,104.1,100.0,15.0,91.0,37.0
529,Rowan Wick,700000.0,0.0,29.0,3.0,6.0,4.38,50.0,8.0,51.1,64.0,7.0,51.0,23.0
530,Graham Ashcraft,700000.0,0.0,24.0,5.0,3.0,3.97,16.0,0.0,93.0,101.0,9.0,64.0,23.0
531,Luis Castillo,7350000.0,312.5,29.0,5.0,5.0,2.93,18.0,0.0,110.2,85.0,9.0,119.0,35.0
532,Luis Cessa,1800000.0,-654246.875,30.0,3.0,2.0,5.67,38.0,0.0,39.2,43.0,8.0,31.0,16.0
534,Alexis Diaz,700000.0,0.0,25.0,4.0,2.0,1.88,46.0,5.0,48.0,23.0,4.0,65.0,23.0
539,Buck Farmer,700000.0,143911.11111111112,31.0,1.0,1.0,4.15,27.0,1.0,30.1,26.0,2.0,37.0,15.0
541,Hunter Greene,700000.0,0.0,22.0,4.0,12.0,5.26,20.0,0.0,102.2,92.0,23.0,127.0,41.0
544,Jeff Hoffman,925000.0,0.0,29.0,2.0,0.0,3.83,35.0,0.0,44.2,40.0,5.0,45.0,23.0
545,Joel Kuhnel,700000.0,0.0,27.0,2.0,2.0,5.67,36.0,1.0,39.2,42.0,5.0,38.0,10.0
546,Nick Lodolo,700000.0,0.0,24.0,3.0,4.0,4.35,12.0,0.0,60.0,63.0,7.0,77.0,28.0
548,Tyler Mahle,5200000.0,3571.4285714285716,27.0,6.0,7.0,4.17,22.0,0.0,118.2,99.0,15.0,126.0,43.0
549,Mike Minor,700000.0,543125.0,34.0,2.0,10.0,6.44,14.0,0.0,72.2,88.0,18.0,59.0,29.0
550,Dauri Moreta,700000.0,0.0,26.0,0.0,2.0,6.23,30.0,1.0,30.1,28.0,9.0,30.0,9.0
553,Reiver Sanmartin,700000.0,0.0,26.0,4.0,4.0,7.3,31.0,0.0,40.2,55.0,7.0,32.0,18.0
558,Hunter Strickland,1825000.0,65208.333333333336,33.0,3.0,3.0,5.17,51.0,7.0,47.0,46.0,6.0,43.0,28.0
559,Art Warren,700000.0,0.0,29.0,2.0,3.0,6.75,33.0,3.0,30.2,28.0,5.0,32.0,17.0
562,Daniel Bard,4400000.0,132987.5,37.0,3.0,3.0,2.22,44.0,26.0,44.2,28.0,3.0,51.0,21.0
564,Ty Blach,700000.0,4750.0,31.0,1.0,0.0,6.46,19.0,1.0,39.0,47.0,4.0,21.0,11.0
565,Jhoulys Chacin,1250000.0,714437.5,34.0,4.0,2.0,7.36,32.0,0.0,44.0,48.0,6.0,34.0,18.0
566,Alex Colome,4100000.0,235190.9090909091,33.0,2.0,6.0,4.68,46.0,4.0,42.1,49.0,3.0,28.0,17.0
567,Carlos Estevez,3025000.0,-117500.0,29.0,3.0,4.0,3.83,50.0,2.0,44.2,38.0,5.0,38.0,18.0
568,Ryan Feltner,700000.0,0.0,25.0,2.0,4.0,5.88,12.0,0.0,56.2,61.0,10.0,49.0,18.0
569,Kyle Freeland,7000000.0,745000.0,29.0,7.0,8.0,4.93,24.0,0.0,137.0,151.0,16.0,99.0,43.0
570,Lucas Gilbreath,700000.0,0.0,26.0,2.0,0.0,4.07,46.0,0.0,42.0,35.0,2.0,49.0,25.0
571,Austin Gomber,700000.0,0.0,28.0,5.0,7.0,5.86,24.0,0.0,106.0,120.0,18.0,81.0,32.0
575,Chad Kuhl,3000000.0,592500.0,29.0,6.0,7.0,5.16,20.0,0.0,103.0,111.0,17.0,76.0,46.0
578,German Marquez,11300000.0,1037571.4285714285,27.0,6.0,10.0,5.22,24.0,0.0,139.2,152.0,23.0,115.0,48.0
579,Antonio Senzatela,7250000.0,-670833.3333333334,27.0,3.0,7.0,5.07,19.0,0.0,92.1,133.0,9.0,54.0,23.0
583,Robert Stephenson,1280000.0,0.0,29.0,2.0,1.0,5.7,44.0,0.0,42.2,50.0,7.0,35.0,13.0
584,Jose Urena,700000.0,-155555.55555555556,30.0,2.0,4.0,4.71,13.0,0.0,57.1,58.0,9.0,30.0,28.0
586,Yency Almonte,700000.0,0.0,28.0,0.0,0.0,1.15,29.0,1.0,31.1,18.0,2.0,30.0,10.0
587,Tyler Anderson,8000000.0,245000.0,32.0,13.0,2.0,2.73,23.0,0.0,135.1,110.0,10.0,107.0,28.0
588,Phil Bickford,700000.0,0.0,26.0,2.0,1.0,5.05,48.0,0.0,46.1,42.0,9.0,45.0,11.0
590,Walker Buehler,4250000.0,0.0,27.0,6.0,3.0,4.02,12.0,0.0,65.0,67.0,8.0,58.0,17.0
594,Tony Gonsolin,700000.0,0.0,28.0,16.0,1.0,2.1,23.0,0.0,128.1,76.0,11.0,116.0,35.0
595,Brusdar Graterol,700000.0,0.0,23.0,2.0,3.0,3.27,38.0,3.0,41.1,29.0,3.0,37.0,10.0
598,Andrew Heaney,8500000.0,623500.0,31.0,1.0,1.0,1.77,8.0,0.0,35.2,26.0,4.0,52.0,11.0
601,Clayton Kershaw,17000000.0,2943066.6666666665,34.0,7.0,3.0,2.64,15.0,0.0,85.1,69.0,7.0,88.0,15.0
602,Craig Kimbrel,700000.0,1112928.5714285714,34.0,3.0,5.0,4.36,46.0,21.0,43.1,47.0,2.0,56.0,19.0
603,Chris Martin,700000.0,665441.6666666666,36.0,4.0,0.0,3.73,44.0,0.0,41.0,42.0,6.0,52.0,4.0
606,Ryan Pepiot,700000.0,0.0,24.0,2.0,0.0,4.02,7.0,0.0,31.1,22.0,6.0,36.0,22.0
607,Evan Phillips,700000.0,0.0,27.0,5.0,3.0,1.29,49.0,2.0,49.0,24.0,2.0,57.0,12.0
608,David Price,32000000.0,1075781.25,36.0,1.0,0.0,2.43,36.0,1.0,37.0,35.0,5.0,37.0,7.0
611,Julio Urias,8000000.0,435714.28571428574,25.0,13.0,7.0,2.36,24.0,0.0,133.2,101.0,16.0,130.0,27.0
612,Alex Vesia,700000.0,0.0,26.0,3.0,0.0,2.63,49.0,1.0,41.0,32.0,2.0,57.0,18.0
613,Mitch White,700000.0,0.0,27.0,1.0,3.0,3.63,18.0,0.0,69.1,67.0,6.0,57.0,23.0
614,Sandy Alcantara,3800000.0,0.0,26.0,11.0,6.0,2.19,25.0,0.0,176.2,130.0,9.0,157.0,44.0
615,Shawn Armstrong,700000.0,-281818.1818181818,31.0,2.0,1.0,4.71,37.0,1.0,42.0,47.0,5.0,47.0,11.0
617,Anthony Bass,3000000.0,-21691.666666666668,34.0,3.0,3.0,1.36,54.0,0.0,53.0,36.0,2.0,52.0,12.0
619,Richard Bleier,2250000.0,44875.0,35.0,2.0,1.0,3.65,41.0,0.0,37.0,48.0,3.0,23.0,10.0
622,Edward Cabrera,700000.0,0.0,24.0,4.0,1.0,1.41,7.0,0.0,38.1,18.0,2.0,43.0,19.0
623,Daniel Castano,700000.0,0.0,27.0,1.0,3.0,4.04,10.0,0.0,35.2,42.0,5.0,20.0,9.0
625,Dylan Floro,3000000.0,0.0,31.0,0.0,2.0,3.67,37.0,3.0,34.1,32.0,3.0,29.0,10.0
626,Braxton Garrett,700000.0,0.0,24.0,2.0,6.0,3.67,13.0,0.0,68.2,66.0,7.0,71.0,17.0
628,Elieser Hernandez,1325000.0,0.0,27.0,3.0,6.0,6.33,19.0,0.0,58.1,63.0,19.0,57.0,22.0
632,Pablo Lopez,2450000.0,0.0,26.0,8.0,8.0,3.66,25.0,0.0,140.0,121.0,16.0,136.0,42.0
633,Jesus Luzardo,700000.0,0.0,24.0,3.0,5.0,3.44,10.0,0.0,52.1,34.0,5.0,65.0,21.0
635,Tommy Nance,700000.0,0.0,31.0,0.0,1.0,4.78,22.0,0.0,32.0,32.0,3.0,43.0,15.0
638,Steven Okert,700000.0,0.0,30.0,5.0,1.0,2.57,49.0,0.0,42.0,27.0,7.0,55.0,18.0
641,Trevor Rogers,700000.0,0.0,24.0,4.0,10.0,5.85,19.0,0.0,87.2,99.0,12.0,83.0,41.0
642,Tanner Scott,700000.0,0.0,27.0,4.0,5.0,4.26,53.0,19.0,50.2,41.0,4.0,70.0,35.0
646,Jason Alexander,700000.0,0.0,29.0,2.0,1.0,5.07,13.0,0.0,49.2,62.0,6.0,26.0,20.0
647,Aaron Ashby,700000.0,0.0,24.0,2.0,10.0,4.58,23.0,1.0,96.1,95.0,14.0,116.0,43.0
649,Brad Boxberger,1750000.0,-38309.09090909091,34.0,3.0,2.0,2.33,50.0,1.0,46.1,35.0,4.0,47.0,22.0
651,Corbin Burnes,6500000.0,0.0,27.0,9.0,6.0,2.84,25.0,0.0,152.1,105.0,17.0,190.0,42.0
652,Matt Bush,700000.0,1838.3333333333333,36.0,2.0,2.0,3.15,50.0,3.0,45.2,35.0,6.0,57.0,13.0
656,Trevor Gott,700000.0,1785.7142857142858,29.0,2.0,2.0,4.03,38.0,0.0,38.0,28.0,6.0,40.0,10.0
658,Josh Hader,11000000.0,2349071.4285714286,28.0,2.0,5.0,5.3,42.0,29.0,37.1,31.0,8.0,63.0,17.0
659,Adrian Houser,2425000.0,-1429166.6666666667,29.0,4.0,8.0,4.72,15.0,0.0,76.1,82.0,8.0,57.0,31.0
661,Eric Lauer,2425000.0,0.0,27.0,9.0,5.0,3.44,23.0,0.0,130.2,111.0,24.0,125.0,47.0
662,Jake McGee,700000.0,538986.6666666666,35.0,1.0,3.0,6.32,35.0,3.0,31.1,35.0,4.0,20.0,8.0
664,Hoby Milner,700000.0,0.0,31.0,3.0,2.0,3.54,51.0,0.0,48.1,43.0,4.0,46.0,9.0
665,Freddy Peralta,2484960.0,0.0,26.0,4.0,3.0,4.08,12.0,0.0,57.1,45.0,4.0,65.0,22.0
667,Taylor Rogers,700000.0,682187.5,31.0,1.0,6.0,4.56,50.0,29.0,49.1,44.0,3.0,59.0,10.0
672,Brent Suter,2700000.0,141928.57142857142,32.0,5.0,3.0,3.62,39.0,0.0,49.2,42.0,5.0,39.0,16.0
673,Jose Urena,1250000.0,-155555.55555555556,30.0,2.0,4.0,4.71,13.0,0.0,57.1,58.0,9.0,30.0,28.0
674,Devin Williams,700000.0,0.0,27.0,4.0,2.0,1.72,52.0,8.0,47.0,25.0,1.0,75.0,22.0
675,Brandon Woodruff,6800000.0,1883.3333333333333,29.0,9.0,3.0,3.51,19.0,0.0,102.2,87.0,13.0,122.0,31.0
677,Chris Bassitt,8650000.0,541875.0,33.0,11.0,7.0,3.26,23.0,0.0,141.0,123.0,15.0,138.0,36.0
679,Carlos Carrasco,700000.0,756476.9230769231,35.0,13.0,5.0,3.92,23.0,0.0,126.1,131.0,15.0,124.0,33.0
684,Mychal Givens,700000.0,243545.45454545456,32.0,6.0,3.0,3.83,50.0,2.0,49.1,46.0,8.0,60.0,20.0
688,Seth Lugo,2925000.0,336642.85714285716,32.0,3.0,2.0,3.31,48.0,3.0,49.0,44.0,5.0,47.0,14.0
691,Tylor Megill,700000.0,0.0,26.0,4.0,2.0,5.01,9.0,0.0,41.1,39.0,6.0,47.0,11.0
693,Adam Ottavino,4000000.0,709083.3333333334,36.0,5.0,2.0,2.17,50.0,0.0,49.2,38.0,5.0,60.0,14.0
694,David Peterson,700000.0,0.0,26.0,6.0,3.0,3.44,19.0,0.0,83.2,71.0,9.0,97.0,40.0
697,Joely Rodriguez,700000.0,327500.0,30.0,0.0,3.0,5.11,42.0,0.0,37.0,32.0,2.0,43.0,23.0
699,Max Scherzer,43333333.0,2154413.5,37.0,9.0,3.0,2.33,18.0,0.0,115.2,88.0,9.0,137.0,21.0
701,Drew Smith,750000.0,12500.0,28.0,2.0,3.0,3.51,37.0,0.0,41.0,33.0,8.0,47.0,14.0
703,Taijuan Walker,7000000.0,136145.45454545456,29.0,10.0,3.0,3.38,22.0,0.0,117.1,106.0,10.0,88.0,35.0
704,Trevor Williams,3900000.0,-143000.0,30.0,2.0,5.0,2.84,23.0,1.0,69.2,63.0,9.0,61.0,19.0
706,Jose Alvarado,1900000.0,0.0,27.0,3.0,2.0,4.34,45.0,1.0,37.1,35.0,2.0,58.0,21.0
708,Andrew Bellatti,700000.0,0.0,30.0,3.0,3.0,3.76,45.0,2.0,40.2,38.0,5.0,60.0,16.0
712,Seranthony Dominguez,725000.0,41000.0,27.0,6.0,4.0,1.64,46.0,9.0,44.0,26.0,2.0,54.0,14.0
714,Zach Eflin,5550000.0,551428.5714285715,28.0,3.0,5.0,4.37,13.0,0.0,68.0,66.0,8.0,56.0,15.0
715,Bailey Falter,700000.0,0.0,25.0,1.0,3.0,4.4,12.0,0.0,45.0,45.0,10.0,40.0,13.0
716,Jeurys Familia,6000000.0,956403.9230769231,32.0,1.0,1.0,5.79,41.0,0.0,37.1,51.0,6.0,37.0,16.0
717,Kyle Gibson,700000.0,924015.1818181818,34.0,8.0,5.0,4.3,24.0,0.0,132.0,123.0,17.0,105.0,37.0
719,Brad Hand,6000000.0,215222.26666666666,32.0,3.0,1.0,1.91,46.0,4.0,37.2,25.0,0.0,31.0,20.0
722,Corey Knebel,10000000.0,592125.0,30.0,3.0,5.0,3.43,46.0,12.0,44.2,33.0,4.0,41.0,28.0
724,Nick Nelson,700000.0,0.0,26.0,3.0,2.0,4.8,33.0,0.0,54.1,49.0,1.0,54.0,29.0
725,Aaron Nola,15500000.0,1466562.5,29.0,8.0,10.0,3.25,24.0,0.0,157.2,129.0,16.0,174.0,22.0
728,David Robertson,700000.0,537073.4375,37.0,3.0,1.0,2.2,44.0,17.0,49.0,29.0,5.0,62.0,22.0
733,Ranger Suarez,700000.0,0.0,26.0,8.0,5.0,3.38,22.0,0.0,120.0,112.0,10.0,102.0,45.0
734,Noah Syndergaard,700000.0,1145578.125,29.0,8.0,8.0,3.77,19.0,0.0,105.0,103.0,11.0,77.0,26.0
735,Zack Wheeler,26000000.0,2748453.125,32.0,11.0,7.0,3.07,23.0,0.0,138.0,116.0,12.0,148.0,33.0
739,David Bednar,700000.0,0.0,27.0,3.0,4.0,2.7,40.0,17.0,46.2,36.0,4.0,63.0,14.0
740,Tyler Beede,700000.0,0.0,29.0,1.0,3.0,4.13,27.0,0.0,52.1,54.0,5.0,32.0,24.0
742,JT Brubaker,700000.0,0.0,28.0,3.0,11.0,4.39,24.0,0.0,127.0,135.0,13.0,132.0,47.0
743,Diego Castillo,700000.0,0.0,28.0,7.0,2.0,3.54,44.0,6.0,40.2,31.0,3.0,42.0,19.0
744,Roansy Contreras,700000.0,0.0,22.0,3.0,4.0,3.86,14.0,0.0,63.0,57.0,10.0,58.0,29.0
745,Wil Crowe,700000.0,0.0,27.0,5.0,7.0,3.22,49.0,3.0,64.1,50.0,4.0,60.0,26.0
746,Chase De Jong,700000.0,0.0,28.0,4.0,1.0,2.13,28.0,0.0,50.2,29.0,6.0,44.0,18.0
753,Mitch Keller,700000.0,0.0,26.0,4.0,9.0,4.49,23.0,0.0,114.1,124.0,10.0,92.0,42.0
755,Dillon Peters,700000.0,0.0,29.0,5.0,2.0,4.58,22.0,0.0,39.1,35.0,5.0,26.0,17.0
756,Jose Quintana,2000000.0,403571.4285714286,33.0,4.0,5.0,3.45,24.0,0.0,122.2,119.0,8.0,105.0,40.0
759,Chris Stratton,2700000.0,1666.6666666666667,31.0,6.0,4.0,4.86,47.0,2.0,50.0,63.0,4.0,47.0,17.0
761,Zach Thompson,700000.0,0.0,28.0,3.0,10.0,5.51,23.0,0.0,99.2,115.0,19.0,72.0,42.0
762,Duane Underwood Jr.,700000.0,0.0,27.0,1.0,3.0,4.08,33.0,0.0,39.2,40.0,1.0,39.0,17.0
765,Bryse Wilson,700000.0,0.0,24.0,2.0,7.0,5.74,17.0,0.0,78.1,93.0,15.0,52.0,20.0
771,Mike Clevinger,8000000.0,505928.5714285714,31.0,4.0,5.0,3.59,16.0,0.0,80.1,67.0,11.0,70.0,26.0
772,Nabil Crismatt,700000.0,0.0,27.0,5.0,2.0,2.77,43.0,0.0,55.1,45.0,2.0,53.0,16.0
773,Yu Darvish,700000.0,1409090.9090909092,35.0,10.0,7.0,3.39,23.0,0.0,148.2,120.0,17.0,147.0,27.0
774,Luis Garcia,3250000.0,36538.46153846154,25.0,10.0,8.0,4.09,22.0,0.0,123.1,106.0,19.0,127.0,39.0
775,Luis Garcia,3250000.0,36538.46153846154,35.0,4.0,6.0,3.55,48.0,3.0,45.2,45.0,3.0,49.0,13.0
776,MacKenzie Gore,700000.0,0.0,23.0,4.0,4.0,4.5,16.0,0.0,70.0,66.0,7.0,72.0,37.0
778,Josh Hader,700000.0,2349071.4285714286,28.0,2.0,5.0,5.3,42.0,29.0,37.1,31.0,8.0,63.0,17.0
779,Tim Hill,1325000.0,5635.0,32.0,3.0,0.0,2.97,41.0,0.0,36.1,39.0,0.0,19.0,7.0
784,Sean Manaea,700000.0,773214.2857142857,30.0,7.0,6.0,4.64,23.0,0.0,130.0,123.0,22.0,132.0,45.0
785,Nick Martinez,4500000.0,838.0,31.0,3.0,3.0,3.1,31.0,5.0,90.0,82.0,12.0,79.0,34.0
787,Joe Musgrove,8625000.0,322371.4285714286,29.0,8.0,6.0,2.91,22.0,0.0,139.0,113.0,15.0,136.0,28.0
789,Taylor Rogers,700000.0,682187.5,31.0,1.0,6.0,4.56,50.0,29.0,49.1,44.0,3.0,59.0,10.0
791,Blake Snell,700000.0,1003757.1428571428,29.0,5.0,6.0,3.76,16.0,0.0,83.2,71.0,6.0,112.0,38.0
792,Craig Stammen,4000000.0,270384.6153846154,38.0,1.0,1.0,3.34,27.0,0.0,32.1,33.0,6.0,27.0,5.0
793,Robert Suarez,700000.0,0.0,31.0,3.0,1.0,2.59,29.0,1.0,31.1,20.0,4.0,37.0,15.0
796,Steven Wilson,700000.0,0.0,27.0,4.0,1.0,3.38,35.0,1.0,37.1,26.0,6.0,38.0,13.0
798,Tyler Beede,700000.0,0.0,29.0,1.0,3.0,4.13,27.0,0.0,52.1,54.0,5.0,32.0,24.0
799,John Brebbia,838000.0,46140.0,32.0,6.0,1.0,2.72,59.0,0.0,53.0,50.0,3.0,43.0,15.0
801,Alex Cobb,9000000.0,1317981.8181818181,34.0,4.0,6.0,3.99,20.0,0.0,106.0,107.0,8.0,108.0,31.0
803,Camilo Doval,700000.0,0.0,24.0,4.0,6.0,2.58,53.0,18.0,52.1,42.0,4.0,63.0,24.0
804,Jarlin Garcia,1725000.0,0.0,29.0,1.0,3.0,3.09,45.0,0.0,46.2,44.0,7.0,41.0,13.0
807,Jakob Junis,1750000.0,4000.0,29.0,4.0,3.0,3.58,16.0,0.0,78.0,70.0,10.0,69.0,16.0
808,Dominic Leone,2250000.0,50000.0,30.0,4.0,4.0,4.33,49.0,3.0,43.2,50.0,5.0,47.0,17.0
809,Zack Littell,700000.0,0.0,26.0,1.0,2.0,4.59,28.0,1.0,33.1,33.0,7.0,30.0,8.0
812,Yunior Marte,700000.0,0.0,27.0,0.0,1.0,6.15,27.0,0.0,33.2,36.0,3.0,30.0,14.0
813,Jake McGee,2500000.0,538986.6666666666,35.0,1.0,3.0,6.32,35.0,3.0,31.1,35.0,4.0,20.0,8.0
814,Carlos Rodon,21500000.0,2685250.0,29.0,12.0,6.0,2.81,25.0,0.0,147.1,111.0,9.0,189.0,41.0
815,Tyler Rogers,700000.0,0.0,31.0,2.0,4.0,4.72,54.0,0.0,55.1,57.0,2.0,34.0,17.0
819,Logan Webb,700000.0,0.0,25.0,11.0,6.0,3.08,25.0,0.0,154.2,140.0,10.0,124.0,42.0
820,Alex Wood,12500000.0,225795.45454545456,31.0,8.0,10.0,4.54,24.0,0.0,123.0,121.0,15.0,122.0,29.0
824,Genesis Cabrera,700000.0,0.0,25.0,4.0,2.0,3.4,37.0,1.0,42.1,30.0,8.0,32.0,18.0
827,Giovanny Gallegos,2410000.0,-370000.0,30.0,2.0,5.0,3.11,44.0,12.0,46.1,35.0,5.0,57.0,12.0
828,Ryan Helsley,700000.0,0.0,27.0,7.0,1.0,0.91,40.0,12.0,49.2,20.0,3.0,72.0,13.0
829,Jordan Hicks,938000.0,79500.0,25.0,3.0,6.0,5.55,26.0,0.0,48.2,35.0,4.0,49.0,33.0
830,Dakota Hudson,1050000.0,22400.0,27.0,6.0,6.0,4.33,22.0,0.0,114.1,109.0,8.0,66.0,53.0
832,Steven Matz,8500000.0,560531.25,31.0,4.0,3.0,5.7,10.0,0.0,42.2,47.0,8.0,51.0,9.0
833,T.J. McFarland,2500000.0,-469000.0,33.0,0.0,0.0,6.61,28.0,0.0,32.2,42.0,5.0,16.0,11.0
834,Miles Mikolas,17000000.0,3428571.4285714286,33.0,10.0,9.0,3.32,25.0,0.0,157.1,133.0,17.0,118.0,28.0
836,Jordan Montgomery,700000.0,-17142.85714285714,29.0,7.0,3.0,3.08,25.0,0.0,140.1,116.0,15.0,121.0,26.0
840,Andre Pallante,700000.0,0.0,23.0,5.0,4.0,2.89,33.0,0.0,93.1,94.0,8.0,68.0,30.0
842,Jose Quintana,700000.0,403571.4285714286,33.0,4.0,5.0,3.45,24.0,0.0,122.2,119.0,8.0,105.0,40.0
845,Chris Stratton,700000.0,1666.6666666666667,31.0,6.0,4.0,4.86,47.0,2.0,50.0,63.0,4.0,47.0,17.0
848,Adam Wainwright,17500000.0,1333705.8823529412,40.0,9.0,9.0,3.11,25.0,0.0,156.1,140.0,14.0,126.0,43.0
854,Joan Adon,700000.0,0.0,23.0,1.0,12.0,7.1,14.0,0.0,64.2,76.0,8.0,55.0,39.0
856,Victor Arano,700000.0,0.0,27.0,1.0,1.0,5.02,39.0,1.0,37.2,45.0,5.0,38.0,10.0
857,Steve Cishek,1750000.0,178000.0,36.0,1.0,4.0,4.13,55.0,1.0,52.1,44.0,8.0,62.0,23.0
860,Patrick Corbin,23416666.0,4723933.3,32.0,4.0,17.0,6.81,25.0,0.0,121.2,176.0,23.0,108.0,44.0
862,Carl Edwards Jr.,700000.0,9400.0,30.0,5.0,3.0,2.96,41.0,2.0,45.2,32.0,5.0,43.0,20.0
864,Paolo Espino,700000.0,0.0,35.0,0.0,5.0,4.31,33.0,0.0,85.2,93.0,16.0,65.0,19.0
865,Erick Fedde,2150000.0,0.0,29.0,5.0,8.0,4.88,20.0,0.0,97.2,99.0,14.0,76.0,48.0
866,Kyle Finnegan,700000.0,0.0,30.0,4.0,2.0,3.26,50.0,7.0,49.2,39.0,7.0,51.0,17.0
869,Josiah Gray,700000.0,0.0,24.0,7.0,8.0,4.67,23.0,0.0,123.1,109.0,32.0,140.0,53.0
872,Andres Machado,700000.0,0.0,29.0,1.0,0.0,4.57,38.0,0.0,43.1,43.0,5.0,37.0,19.0
873,Jake McGee,700000.0,538986.6666666666,35.0,1.0,3.0,6.32,35.0,3.0,31.1,35.0,4.0,20.0,8.0
876,Tanner Rainey,860000.0,0.0,29.0,1.0,3.0,3.3,29.0,12.0,30.0,26.0,5.0,36.0,13.0
877,Erasmo Ramirez,100000.0,145213.33333333334,32.0,4.0,1.0,3.25,46.0,0.0,63.2,63.0,9.0,46.0,11.0
879,Aaron Sanchez,100000.0,177840.0,29.0,3.0,4.0,7.36,9.0,0.0,40.1,57.0,6.0,28.0,11.0
880,Anibal Sanchez,700000.0,136411.76470588235,38.0,0.0,5.0,6.43,7.0,0.0,35.0,35.0,11.0,26.0,16.0
884,Austin Voth,875000.0,0.0,30.0,4.0,1.0,4.73,34.0,0.0,72.1,82.0,10.0,65.0,22.0
